5258 INDEX scnwmnvm

Vergilius Aeneidos Vergilius Anne-idos
XI 148 252, 1 412 sqq. 11180, 4
109 239, 20. 331, 2 418 sq. 359, 20
173 sq. 11 100, 10 438 488, 20
171 11 210, 21 Α 503 11 488, 21
220 sq. 11 55, 19 507 335, 4
279 sq. 393, 20. 505, 15 533 sq. 5-15, 19
283 sq. ί100, 10 534 351, 15
285 sq. 310, ’23 ο 595 11 298, 2
292 sq. 391, 20 ¹ 044 240, 11
f 2¹.)ss sq. 202, 23 619 11222, 17
309 32, 1. 192, 35* 059 sq. *11 210, 10. 219, 0
313 sqq. ΙΙ 225, 0 . 2 091 sq. 11 309, 2
317 11 32, l. 37, 18 709 32, 4
348 1196, 10 727 391, 10
350 sq. 11319, 3. 330, 1 w} sq. 350, 7
381 sq. 391, 10. 13 820 1191, 13
438 11:352, 0. 371, 17 882 sq. II 45, ll
453 11390, l 905 · 100, 8
499 sq. 510, 21 920 11 323, 23 .
509 sq. 11 1213, 9 931 II 97, 4. 102, 23
532 328, 11 918 sq. 11 307, 13
579 312, ll Verrius Flaccus 212, 10. 380, 10. 383, 12
018 510, 0 Victor in arte grammatica dissyllabis 14, 13
050 · 330, 4 Victorinus nme grammatica ‹le syllabis 14,
057 41, 0. 71, 17. 400, 2 13*
600 390, 22. 393, 19. 11301, Vindex u. Caesellius
13 Virgilius n. Vergilius
088 503, 12 Visellius 380, 7
721 11 74, 25. 77, 2 leianus nd Sabinum 500, 3. libro XLVI
750 11288, 5 ad edictum 97, 18

76ss 543, 2ss
774 sq. 218, 115. 251, 4

785 203, 11 Xenophon Agesil. 7, 5 II 291, 21. 375, 3
820.822 11 9, 8 amabas. 3, 219 11:352, 5
832 sq. 510, 24 Cyropoed. 1111 2, l 11371, 4
815 235, 10 V 4, ll 11 307, 0
856311. 1187, 18 VI 3, 1 11:314, 22
875 515, 19 vn 3, 7 11 358, 18 .
909 11298, 2 5, 42 11327, l
XII l 11511, 8 Hellen. 1111 4, 10 11329, 11
25 235, 18 8, 22 ΙΙ 293, 12 ’
30 397, 7 nim-on. 7, 1 11 301, 20
40 130, 25 · Hipparvln. 1, 19 11292, 3
58 sq. 11 33, 12 nit-moral). 1 1, ll 11 278, 15. 290, 21
91 230, 18 2, 4 ΙΙ 278, 17. 297,3
200 11 279, 5. 295, 11 7 11212, 10
221 3115, ‘25 ³⁴11) ῙῙ 189, 23
2-11 392, 5 . 49 11 171, 23
208 1187, 10 51 Ι[ 171, 25
303 11:357, 14 11 2, 11 11311, 3
314 11363, 13 3, 1 11172, 3
31:1311. 490, 18 1111 0, 0 11:325), 7

315 402, 20 - oeconom. 18, 1 11291, 8. 303, 3

θ’

