554 INDEX ScmvTORvM

Vergilius Aeneidos Vergilius Aeneidos

113113 3111, 7 111319 11 1111, 16. 235, 23,
3117 ιι 112, 17 . 133, 211
3711371. 111, 10 3211 73, 15

377 ιι 311, 12. 323, 111. 321, 30⁴ 37,17.281.22. 1111··‘‚·20
11. 3111, 11. 31111, 13 355 515121

⁴⁰2 ¹¹ ‚⁴³³⁹ 3 121 1121121111. 313, 11. 351,

4113371. 485, 14

410371. 510, 10

428 ΙΙ 361, 4 “
431311. 557, 0. ΙΙ 101, 14

11111 537, 11
175 233, 11
1711 306, 111

412311. ΙΙ 523, 28. 372, 15 477 11 153, 9
115 ⁸11· 39⁴³, 2⁰ 1311 ιι 31, 13. 33, 2. 110,
418 355, 1 23 312 25
460 329, 5 « 5›7 33⁶⁶, 7’
4⁴³⁰s‘1· 333, ‘20 . 5311 157, 3. 317, 1. 313, 6
—1112 101», 7 550 292, 7
‘¹⁰2 ³?- 402, ²8 51111..η. 11 197, 21
5311 Il 97, 8. 243, 1-1 ξ’;)313ᾳ. 11 363· 9
503 Η 3⁸) 11) 535⁸q. ΙΙ 105, 12
5⁴3¹.)sqq. 11 20⁴, (1.1 601 H 235 21
(310 sq. 313,17 (111189. 579, 1
618 11 lar-², 25 021 11278ν 5 ·
642311. 11 111,1.411,15 328 11217 11
6118 ΙΙ 47,10 6⁰9 11 315' 1
0111 11 11,1 (563 471 δ’
55437 5⁰2 ‘20 371 251,’ 22
‘Et' ¹¹ 355 3 1575 sq. 511, 23
‘2¹⁵‘ 541 1’ 1585.s·q. 11211, 8
100 11 354,13.486,11) 68ss 11 61 9· 19
725 11 211,5.31,3.11.17,11) (390 sq, 5451 '25
733311. 3115, ’13 704 303: 19·
ΙΙΙ l 11 474, 17 1111 l 11 478, 8

lsqq. ll 100, 12 lsq. 11 190, 20
0 471, 20 2 245, 8
22 sq. 11 67, 21 10 11 136, 28
20 310, 13 151171. 11248, 10
31 l[ 78, 3 2-1. 27 11218, 10
32 11 502, 30 34 359, 6
30 11 1111, 10. 210, 10 41 343, 9
42311. ΙΙ 341, 0 50 11110, ll
ὲ15 ΙΙ 153, 7 57 360, 20
217 341, 12 61 sq. 358, 21
55 sq. 502, 17 68 103. l
515371. 11 133, 9 113m1. 113111, 5
108 224, 17 01 112, 12
171.) 285, 21 · 1115 112115, 3
20339. 350, 8. 11 331, l 100 ΙΙ 81, 18
211 102, 10* 117sq. 411, 21
210311. 3511, -1 130 ΙΙ 523, 24
221 106, ll. 202, ss 135 241, 21
232 11 73, 5 1111 113311, 1
236 11 94, 2. 115, 16. 333, 153⁸q. 533, -1

7. 338, 24. 500, 12 16039. 365, 18
243 335, 0 , 174 11 433, 111
2-13 sq. 350, 26 213 sq. 11 10, 4
257 522, 22 226 360, 5
263 485, 12. 510, 23. 11 504, 211 11 407, 16

30 282 571, l
‘272 ll 301, 21 201 sq. 11248, 23
3111 sqq. 11 235, 25 31111 11216, 11

315 11 2311, 5 317 sq. 31111, 5

