> παρα

INDEX RERVM ET VOCABVLORVM

palpo 121, 18. 397, l
palpor 397, 1
paludatus 441, 25. 562, 15
palumbes 169,16

· palus 267, 22. 11525‚ 20

paluster 127, 15

BampssffgsffiQ 15

an

pando 519, 22. 11 504, 11

pandus 137, 1

pango 460, 5. 497, 23. 523,
17. ll 513, 29

panis 353, 9

panniculus 112, 2

, Pansa 11 504, 29

πα2ιὸταχῃ πανταχοῖ ll 342,

πανταχοῦ 182, 20

παντελῶς 11 79, 22

πάνθηρ 156. 6. 11 505, 35

panthera 141, 18. 156, 6.
217, 1. 11505‚ 35

panus panucula 115,15

· Ποῖνθοος Πάνθους 272,16

Panthus 272,11.273, 1.
295,15

πάνυ 11 96,13. 479, 22

papae n 99’, 8. 528, 35

papaue1·170,l3.11523,26

Papia 11 522, 8

papyrus 11 525, 18 ,

par 150, 7. 222, 24. 223, 7.
326, 7. 339, 13. 11 219, 26

παρά 11 28, 23. 31, 27. 39,

. 6. 40, 14. 44, 18. 343, 10.

παραβαλλομαι 11342, 14 ‘

παραχωρῶ ll 343, 25
παρα ρῆμα 11 369,14
6ίδωμ ι 11 39, 7
παραγίγνομαι 574,10
παραγωγή 590, 27.592, 14
παραιτοῦμαι συγγνώμην 11
πα3ρ4ιὲἷλα3λῖω 11 1619 ,.41ἒ)43338ἰ 14
πα α η οτης
παραπαν ll 369,14
παραπληρωματικόν ll 337, 5
παραπλησιος 11 35,16
parasitaster 114, 16. 127, 14
παρασκευάζομαι 11 343,19
παρασυμβοὶματα 11 211* 24
παρασύνθετον 177, 12
pan-0 22, 8. 25, 9. 34. 19.
438, 3. 509. 15. 511, 23.
573, 8. 11 273, 21 .
pareus 136,17
παρέχω 11 177,
parco 460, 21. 11 274, 2
parens 168, 1. 354, 27. pa·
rentia 168, 3
paries 11 524, 22
parilis 132, 2

20

4. 599, 19. 549, 6. 543, 4.
559, 11. 573, 7
panzicida 26, 7. 177, 20. 11
pail-'5333 9. 11351, 19. 593,

partos orationis 54, 5. 552, 1.

11 4, 19. 193, 8. partium

orationis ordinatioll 115, 23

parsimonia 120, 2

Parthica nomina 246, 12

participo 503, 23

participialia 117, 17. 138, 15.
139, 19. 140, 22 (u. add).
409, 5. 425, 20. 549. 2.
ll 215, 29. 233, 7. 235, 7.

. 293, 17. 454, 4. 9
1111ῑί1τίρί11111 54, 9. 55, 10-

84, 21499, 5. 411, 12.
418, 19. 439, 7. 441, 2. 17.
452, 9. 548, 1. 514, 9. 11

. 92, 21. 119, 17. 119, 22.

120, 16. 124, 9. 126, 3.
154, 1. 159, 14. 164, 13.

· 182, 22. 211, 6. 212. 2. 17.
215, ll. 222, 29. 225, 19.
227, 21. 230, 22. 232, 7.
235, 6. 2,88 19. 304,19.
317, 15. 353, 8. 20. 374,
14. 456, 23. ⁹471, 25. 473,
3. 486, 27. 503, 34. 512,
29. 525, 4. 528,14. 99111·
positum 439, 7. 440,14.
568, 25. decomposita 568,
18. παρασύνθετον 568,
15. 8111111198568, 17. tran-
sitiua 11216, 1. praesen-
tis 556. 1. 557, 2. 564, 14.
565. 11. 11 199, 23. 456,
18. praeteriti 411, 17. 483,
25. 556, 6. 557, 2. 558, 7.
565, 11. 569, 6. 11 199, 26.
238, 16. 463, 28. futuri
actiui 556, 6. 557, 25. 560,
6. 564, 27. 573, 27. 11329,
14. 456, 25. passini 475,
21. 558, 2. 567, 6. 11
216, 4

particula infinita 11 127, 3

partim 11 75, 4

partio nomen 256, 2

partio uerbum 396,11

11111ξί91 396, 11. 399, 22.

11811ὁ11192429, 13. 495, 12.

partus 256, 2. 364. 24

parum 11 69, 28. 76, 11

πᾶς ΙΙ 472, 21

pasco 438, 26. 511, 5. 570,
8. pascor 11269, 27. 282,
5. 300, 6. 377, 13

passer passerinus 80, 25

587

passio 11166,30.168,19.
177, 12. 223, 11. 232, 16.

276, 4. passio reciproca
393, 5

passus ΙΙ 504, 9
pastor 536, 4

pateo 483, 23. 485, 11. 512,
16. 519, 23. 565, 28. 573,
’22. 11 504, 29

pater 11 219, 23

paterfamilias 179, 12

patibulum 124, 13

patiens 11 217, 1

patior 388, 4. 438, 22. ’519,
23. 565, 28. 11 269, 27.
279, 9. 295, 17. 296, 17.
322, 8. 373, 5. 504, 30

patriciolus 101, 22. 112, 19

patricius 135, 24

patrisso 24, 9. 431, 24. 433,
16. 447. 3. 563, 11

πατρίζω 24, 9

patro 25, 22. 433, 16

patronus 25, 21. 11 219, 20

patruelis 131, 13

patruus 136, 6. 418, 6

patulus 138, 7

paulatim ll 75, 8. 86, 25

paulisper ll 58, 1*

Paulus 58, 5 (ιι. add.)

paulus paululus 109, 24

pauo 17, 17

παύω 11 343, 8

pauper 152, 8.
218,10

paupertas 128, 14

pausillatim 11 58, 6*

pauxillus pauxillulus 109, 24.
pauxillum 29,13

pax 1129, 28. 58, 9*. 79, 1.

ῗΊηερῖεῆύὲΙΙὸἶέηθἪθ, 14

1)1·1·1911126,13.149,4

pc cto 536, 5. 11,489, 36

piculiaris 133, 6

pt 9·’(11 270, 8

11919118 171. 4. 270, 8

πήδησις 256, 7. '11 444, 32

pedetem tim 11 63,18

pedo 4 ‚ 3. 515, 2. 520, l

pedunculus 108. 12

p 9191· 89, 3. 1)9ἰί118 14, 6

πειρῶ 11’ 345,14

πέλαγος 271, 16. 11 476, 21

pelagus 163, 9. 271, 16. 11,

343, 24. 11

445, 27. 476, 21. 493, 16
P'eleides 66,15

Πη λείων Π ηλείδης 66, 15
1³1 leis 68, 3

πέλεκυς 160, 5*
Πηλευς 66, 15
Pelignus 82, 9 (ιι. add.)

pario 401, 2. 438, 23. 460, passio 11176, 9. 438, 2. sui peliades 65, 20

