544 -

Plautus 111 Poenulo
V 2, 21
31
33 sq.
102
5, 7
in Pseudulo l l, 8
2, 443ᾳ.
45
48
3, 152
11 3, 17
4, 48
56
111 1, 8

2, 28 sq.

73
1111 l, 45
2, 55
6, 639.
7, 77
V 2, 3
iu Rudente Ι 2,·19
66
87
5, 7
11 7, 24
111 l, 6317.
· 2, 19
6, 50
1111 1, 8

„ 1, 8 sqq.

3, 3
5
40 sq.
45
81

4, 114

’126
V 2, 38
3, 25 sq.
l 2, 18
28
3, 80
11 1, 87
2, 67
3, 10
47
66
111 2, 36 sq.

in Sticho

1111 1, 27

61

V 2, 6

4, 10

14

5, 17

18

in'l'rinummo 11 2, 47
111 2, 30
100

INDEX SCRIPTORVM

139, 7
34, 7

505,14.11120,10

300, 2
100, 6
471, 3
170, 14
200, 13
11 50, 4*
11 50, 4
11 50, 4*
130, 11
505, 1. 7
11 59, 4*
205, 2

11 50, 4*
11 50, 4*
11 50, 5*
333, 7

11 50,“5*
11 50, 5*
11 59, 5*
102, 7
100, 1

11 75, 19
11 71, 1

192, 15 *. 235, 7

70, 20
320, 21
150, 10
500, 10
332. 19

11 59. 2* ’
270, 15. 333, 14

332, 1
332, 17
332, 12

105, 19. 280, 20

11 59, 2*
103, 2
103, 12
333, 10
11 59, 7*
11 50, 7*
401, 20
11 50, 7*
533, 13
11 50, 3*
11 50, 3*
11 50, 3*

333, 11. 537, 7

(u. add.)
11 59, 8*
293, 16

11 59, 8*
11 59, 8*
11 59, 8*
11 59, 8*
11 59, 8*
11 58, 9*
11 58, 9

308, 24

11 58, 9*

Plautus in Trinummo
' 1111 1, 8 11 58, 9*

2, 96 11 58, 9*
146 sq. 84, 9 (u. add.)
3, 53 11 58, 9*
111 Truculento 100, 17. prol.lsqq. 11421,13
l l, lsqq. 421, 17
2, lsqq. 25, 27
22 422, 10
93 256, 3
11 2, 37 sq. 227, 17. 266,13
48 sq. 189, 12
7, 49 qu. 204, 16
51 11 58, 8*
V l, 11 11 58, 8*
64 - 270, 13

Plinius Secundus 26, 16. 29, 9. 18. 31, 2.
393, 9. in 1 artium 233, 13. 111 1 artis
grammaticae 262, 18. 111 11 sermonis du-
bii 594. 23 (u. (υἱώ). 171 11 naturalis hi-
storiae 248, 5. 111 111 248, 6. 111 1111
248. 7. ’111 V 248, 7. 111 Vl 248, 7.
VI 34, 39, 217 98, 16. in VII 248, 8.
111 Xl 248, 9. 111 x11248, 9. 111 XV
248, 10. ’111 XXXVII 248, 10

Pollio, Asinius 383, 14. 386, 9. 513, 7

Pompeius, Quintus 385, 10

Pompeius u. Trogus ,

Pomponius Bononiensis Ι110, 6. 531, 21.
111 auctorato 144, 6. 11 70, 14. 111 Lare
familiari 213, 5. (de) philosophia 11 77,
9. iu satura 200. 7. 282, 16. 111 uacca
uel marsuppio 509, 1

Pomponius Secundus ad Thraseam 538, 29

Probus Berytius 31, 2. 393, 9. 445, 23.
490, 9. 499, 18. 503, 17. 513, 7. 529, 6.
534. 26. 535, 21. 539, 2. 541, 19. de
dubiis generibus 171, 14 (u. add.)

Probus iunior 115, 18. 470, 12

111 institutis artium p. 303 anal. V ind. 301 , 14

ρ.306 213,12.
’ 283,9

de calle. nom. p. 1448 P 250, 18

ρ.1457 236,12

ρ.1458 238,5

ρ.1460 241.10.242,21

ρ.1461 249,19

ρ.1462 321,1

ρ.1463 162,10.259,17

ρ.1470 242,1

ρ.1473 218,22.319,22

p.1475 257,10

ρ.1480 458,19

ρ.1482 428.12*

ρ.1485 491,14

ρ.1487 469,13.535,14

Propertius eloy. llll 8, 37 536, 14
l'rosain scribi-ntes 306, 13. ll 29, 15
prouerbium 11 356, 13

Publius 111 Murmidoue 532, 25

Ρ. Publilius 111 Mun-imircoue 532, 25*

Quadrigarius u. Claudius
Quintilianus instit. or. 1 4, 15 18, 12

