Vergilius bucolicon
3, 59

02 sq.

09 sq.
77

30
45 sqq.
47
87
0, 3 sq.
9 sq.
58 sq.
02 sq.
7, 1
11
33
8, ,19 sq.
21
22 sq.
28
32
41
58
03
71
75

80
9, l

0

10
24 sq.
30

45.

53 sq.
28
49
43 sq.
57
07 sq.
73
83
89 sq.
99

101
125
131
150

10,

grolgicou l

INDEX SCRIPTORVM

11 05, 3. 220, 5

11 172, 3

424, 15

1105, 21. 207, 4.
241. 0

. 11 185, 9
. 11 185, 5

11 307, 0
175, 17
14, 10
11 234, 15
175, 17
1132, 13
207, 13
201, 3

. 11 181, 22. 235, 12.

340, 10

175, 17

330, 23

320, 15. 540, 10
575, 7*

520. 21

11 240, 3

11 70, 13 >

05, 7. 105, 2

11 05, 0. 70, 0
475, 11. 553, 21
203, 2

11 275, 10. 320, 23
11 302, 13. 310, 21
177, 2

144, 15

11 321, 10

11 30, 11

405, 23

11 223, 27

413, 5

223, 7. 33013. 11523.
24*

303, 3

11 350, 7

11 317, 5

11 130, 4. 101, 23
420, 13. 457, 7
1135, 20. 30, 20. 470,
24. 434. 25

11230, 1. 200, 1. 203,
10. 323, 4

337, 4

11 200, 22

11 00, 23. 01, 10
303, 11

11 170, 10

11 53, 31

175, 17

11 302, 10

315, 20. 301, 10

11 273, 25. 280, 10.

302, 22
175, 17
11 40, 12

- 175, 17

175, 17

551
Vergilius gfofggcon H ⁴6¹ 28
107 · 11 55, l
171 11 10, 7
183 144, 12
189 175, 17
193 388,18. 393, 2. 11272,
24. 273, 7
190 345, 10
190311. 329, 7
203 345, 19
208 300, 11. 307, 4. 11
189, 11
210 175, 17
219 175, 17
245 11 37, 27
, 201 sq. 519, 12
272 334, 11
300 142, 15
315 175, 17
317 175, 17
320 sq. 11 04, 1*
355 11 292, 10
300 11 273, 21
373311. 11 35, 20
418 sq. 444, 5
432. 459 11 289, 7
445 11 54, 3*. 190, 2
450 sq. 11 02, 8
504 11 278, 13
11 1 11 32. 17
7 424, 0*
19 154, 13
32 sq. 11 08.’ 9 .
3339. 532, 13. 534, ll. 515,
0. 509, 30
493911. 11 250, 1
70 sqq. 438, 5
87 295, 17
97 ⁰11 185, 15
135 388, 20. 11 272, 22.
273, 4 ·
170 02, 22. 11 498, 21
175 300, 9 ·
189 105, 12
190 192, 30*
223 ΙΙ 217, 8
250 397, 22
289 482, 17
330 sqq. 11 250, 0
382 sq. 04, 11
384 540, 18
389 11 474, 7*
403 sqq. 11 81, 20
420 11 40, 21
425 390, 25. 393, 10. 432,
0. 11304, 11
437 11 158, 25
438 sq. 11 230, 1
443 309, 23
408 11 218, 0
472 11 293, 21
- 483 11 289, 5
487 72, l

