584

26. 131, 22. 132, 11. 145,
16. 147, 12. 148, 25. 149,
24, 164, 8. 16. 182. 26.
193, 9. 204, 5. 210, 6.
211, 6. 212. 1. 219, 2. 226,
· 8. 227, 29. 232, 7. 235,
10. 443, 3. 464, 32. 467,
25. 478, 25. 480, 33. no·
men abnegatiuum 11 13, 30
nomen absolutum 62, 5. ΙΙ
accidens 553, 22. 554, 6

ad aliquid 60. 9. 11 218, 21.

quasi ad aliquid 60, 23 ·

adiectinnm 58. 20. 60, 6.
83, 7. 86, 21 *. 553, 20.
556, 7. 11121, 3. 131,
16. 133, 4. 134, 4. 219,
4. 227, 7. 464,19. 481,10

adquisitiuum 11 224, 7

aequiperantium ΙΙ 219, 19

ἁνταποδοτικόν 575, 3*

ἀόριστον 575, 3*

³⁹33¹¹³÷3³¹¹¹2¹3¹ (⁵⁷⁹ 221 ῗὸἰῖἓ·
ι , . ll· a . 0 9

3. 553, 27. 588, 8. 12. ·

589, l. 1120, 16. 134,
19. 135, 2
collectiunm 61, 21
commune 156, 10 (u. add).
ll 472, 20
comparatinum 89, 9. 417, 5.
Il 141, 14. 493, 24
compositum 25, 24. 177, 11.
178, 16. 437. 12. 439, 28.
11175, 7. 182, 7. 522, l
comgrelwnsiunm 176, 13. 11
corporale 59, 11
decompositum 177, ll
demonstratiuum 59, 22. 11
22, 4. 12
denominatiunm 140, 23 (u.
add.). 424, 18
,deriuatinnm 57, 10. 121, 7.

421. 22. 549, 7. 562, 4. .

11 182. 7. 415, 31
ᾶίῐέἰωιῑὶυιιιῃ 115, 1. 11 496,
diptoton 188, 2
dispertiuum ΙΙ 413, 24
distributiunm ΙΙ 13, 20. 204,
effertinum II 224, 7
ἔπαναβεβηκὸς li 219, 20
ἐπιμεριζόμενον ll 413, 25
ἐρωτηματικόν 575, 3*
ἕτερόκλιτον ΙΙ 145, 3
facticium 6l, 25
generale 61. 28. 11 131, 10.

132, 3. 139, 21
gentile 61, 3. 11 467, 10
3‘20‘3'? ¹1³5 ὲῗ· ὲῖῐ ¹1³3· {7

. ‚ .....

nomen hexaptoton 188. 19

INDEX RERVM ET VOCABVLORVM

17. 44, 16. 195, 16. di· nomen sin ilare semper 174,

syllabum 71, 13 23. 17 , 2 .

speciale. 62, 1

subiectum ll 219, 20

substantiunm ll 154. 9

superpositum 11 219, 20

synonymon 59, 17. 60, 29

temporale 62, 7. 549, 25.
11 138, 12

tetraptoton 188, 14

1τίςὲυοῖὃὲ 41712, 20. cotye—
v ς ,

triptoton 188, 10

uerbale 117, 17. 410, 8. 417,-
22. 425, 22. 549, 1. 11
215, 23. 217, 25. 233, 25.
456, 25. 464, 10. 479, 1.
522, 8. graecum in τὲος
411, 15. 426, 2
425, 28. 11 5 12. 11, 3. nniuocum 11 462, 3. 482,
261, 3. 449, 337. 472, 2ο. 22. 497, 18
502, 11 nomina ciuitatium II 66, 4

monoptoton 184, 6. 187, 16 comica 283, 19

monosyllabum 265, 3. 273, 10 dignitatum 432, 24 (ιι. add.)

numerale 62, 4. 172, 26. festorum 309, 12
173. 20 numerorum 145, 5. 412, 19.

ordinale 62, 3. 11 413, 3 ἀριθμοῦ 575, 4*

οὐσίας 575, 3* personne primae et secun·-

-patrinm 61, 4 dae 11 203, 21

patronymicum 62, 14.. 68, nominatio 450, 2
18.·11 443, 27. 476, 16. nominatinus 172, 5. 184, 1. ¹
482. 3 370, 22. 422, 1. 21. 440,

pentaptoton 188, 16 25. 550, 4. 552, 4. 554,
28. 555, 6. ΙΙ 12, 17. 19,
14. 116. 28. 119, 1. 203,
3. 208,“10. 210, 11. 212,
11. 213, 3. 220, 11. 221, 6.
222, 20. 223, 6. 225, 10.
227, 7. singularis decli-
nationis primae 284, 12.
secundae 294, 17. tertiae
311, 12. quartae 362, 3.
((133ῗέ43ῗὲ Ῑῖῑῑῃ.ἓ““·ἓὸ“ἰῗ
16. secundae 05, 22. ter-
tiae 349, 24. quartae 363,
26. quintae 367, 12

nomino 11 276, 2

non 11 61, 21. 63, 8. 156,
16. 197, 2. non minus 11
338. 21. non parum 11
338, 21

nongesimns ΙΙ 413, 23
115, 3. 117, 9. 175, 1. noscito 430, 8. ΙΙ 466, 20.
418, 10. 553, 25. Il 20, 514, 11 ,,
13. 114, 13. 129, 18145, nosco 48, 17. 510, 16
24.149,12.467,10.476,1 νόσος 28, 7

redditiuum 61, 9. Ι122, 10. noster Il 433, 33
132, 4. 204, 11. 450, 7 nostras 302, 18. 454, 11.
575, 2*. 580, 18. 581, 8.
586, 5. 27. 112, 3. 11, 16.

. 178, 22. 528, 18

nota 430, 15

noteo, noto notesco 397, 28

homonymon 59, 13. 60, 28.
11 88, 23. 462, 3. ὁμώ-
νυμον 11 482, 22. 497, 18

impertinum 11 13, 30

incorporale 59, 12

infinitum 61, 7. 11 13, 30.
131, 5. 132, 3. 135, 11.
136, 11. 139, 21. 364, 2.
450, 6

infinitinnm 370, 25

interrogatinnm 61, 5. 370,
25. ll 13, 29. 132, 3.
139, 21. 204, ll. 450, 6

ἰσοπαλές 11 219, 19

locale 62, .8. 11 138, 12

mobile 156, 10. 192, 19*.

περιεκτικόν 11 498, 7

περιληπτικόν 176, 14

plurale semper 176, 10. 309,
13. 11 4133, 25

ποιόκτηἹτὲις καὶ ποιόκτητον,
575,

ποιότητος 575, 3*

polyonymon ll 88, 23

positiuum 83, 2. 11 141, 15.
218. 29

ποσότητος 575, 4*

possessinnm 68, 14. 588, 9.
14. Il 173, 9. 21. 161,
15. 165, 15. 26. 166, 3.
169. 12. 170, 12. 171, 12.
172,·7. 218, 15. 224, 1.
infinitum 11 133, 24

primitiunm 562, 4

principale 57, 9

proprium 57, 12. 76, 14.

relatinum 61, 9. 11 13. 30.
22, 10. 23, 7. 132, 4.
139, 21. 204, 11. 450, 7

similitudinis 61, 9 ’

simplex 177, 10

