’ unicus 11 415, 27

1110311 RERVM ΕΤ vomssnonvm

nito 11 275, 5

uituperor 11 269, 29

111111000 428, 19 .

111110 377, 20. ll 232, 4. 270,
19. 271, 8. 465, 23

uix 7, 19. 11 29, 27. 79, 1.
465, 23

1111111110 nomina 123, 17. 147,
8. 214, 4. 313, 1

11101000 396, 24

111010οο1 396, 24. 11 365, 2

uleus 274, 13 .

uligo ll 522, 34

Vlixes vlixeus 39, 14. 276,

ullus 80, 6. 109, 21. 227, 17.
266, 16. 117, 6. 23, 9.
135, 22. 415, 27. 449, 38.
ullum 215, 7

ulterior 85, 4

ultime 11 80, 6

ultimus 98, 4. 99, 3

ultra 11 46, 27. 197, 14

ultrix 348, 1

111110 11 72, 21

11111 finita nomina 123, 23.
148, 13. 215. 15

umbella 110, 16. 231, 3

Vmbri 26, 17

111110010 397, 27

1111100 111110000 397. 27

umquam 11 136, 5

. 1111010 11 409, 10

unciola 113, 1

1101101183, 16. 123, 19. 132,
23. 134, ὲ3. 136, 20. 193,

unde · ‘nti 11311, 1. 416, 6

undeunde 11 135, 20

undique 183, 1.
343, 3

undo 433, 17

ungula 116, 11 ’

unguis 346, 10. 503, 16

unguo 503, 16

111110 nomen 11 415, 27

111110 uerbum 445, 11

uniuersus 11 415, 27

11110 445, 11. 11 415, 27

11110 finita nomina 319, 24

una 11 87, 9. 528, 27

uuus 181, 7. 188, 21. 197,
13. 227. 5. 266, 8. ll 2,
21. 7 6. 136, 1. 157, 3.
449, 37. 11111 unae nna 11
414, 12

unusquisque 11 304, 17

· 1011300 10, 2. 34, 22. 298,

5. productae 6, 8

uoca'tiuus (cf. nominatiuus)

186, 1. 553, 9. 555, 6. 11

601

131, 25.· mo, 8. 247, 5.
249, 7. 255, 9. 259, 18.
266, 2. 289, 16. 336, 12.
330, 15. 494. 10. 512, 4

1, 7. 13, 16. 22, 13. 23. uter 11 7, 8. 20, 8. 23, l.

1. 114, 13. 147, 17, 150,
5. 166, 6. 202, 14. 203, 1.
204, 6. 206, 2. 208⁴, 10.
210, 11. 239, 1. singula·
ris declinationis primae 287,
18 (u. add). secundae 300,
7.·301, 17. 303, 1 (u.add.).
454, 29. 11 487, 7. 511,
20. tertiae 277, 3. 288,
15. 330, 16. quartae 363,
20. quintae 366, 23. pro-
nominum 582, 13. 585, 20.
graecus in η 277, 1. 289,
5. nominum in 0110 301, 7

uocabulum 55, 7. 124, 1
1100ὶί010 396, 24
1100110101· 387, 14. 396, 24.

436, 8

uoco 11 276, 2

11013110 27, 14
1101010 403, 11. 443, 16
uelle 403, 11. 443. 16. 454,

22. 523, 2. 11225,1.274,
24. 285, 2. 450, 20

1101111111,ἰο 132, 20
1101110οι· 153, 16. 11 523, 28
1101110 16, 17.’ 569, 25. 11

346, 23

voiux166, 13. 167, 1. 279,

5. 323, 14

nomer nemis 249, 8
uomex 140, 12
uorax 140, 8
11, 25, 19. uotum 11 493, 21
11011 5, 1.· 6, 4. 17. 0111011-
1111101010 5, 8.

lata 5, 6.
inarticulata 5, 7

ur finita nomina 127, 20. 154,

450,1 -

uterque 179, 16. 181, 17.

102, 10. 11 7, 9

mihine 132, 15 f
mins 131, 25. 1121111472,

22. utile 121, 8

utinam 11 61, 3. 86, 12. 89,

23. 198, 1. 239, 13.·494,
12. 512, 11 ”

ntique 181, 24. 182, 20. , 11

100, 16. 512, 16

uto utor 396, 25

utpote 11 68. 12

11110 11 72, 25
utroqneuorsnm 11 58, 3* (u.

aad.) 75. 22

utrubi ll 59, 8* (u. add.)
utrum ll 350, 18

utut 11 135, 20

11110 linita nomina 136, 4
111113110 27, 14. 264, 4. 275,
8. 295, 8. 11445, 27. 493,

16

uulnus 11 493, 20

Vulteius 303, 6. 305, 4
111111111· 111111111110 11111111τί110 207,2
Vulturnum 170, 5

uultus 261, 16. 528, 3. 571,

20. ll 445, 2

ux, finita nomina 140, 20. 166,

13. 323, 14

uxor ll 524, 1

x littera 8, 11. 18. 10, 3.
12, 3. 18. 33, 13. 51, 1.

ξ littera 8, 12

x finita nomina 106. 19. 166,
graeca

10. 278, 2. 320, 2.
100, 24. 280, 3

24. 237, 20. 315, 25. 11 ξαίνω 11 328, 16

524, 5
321, 5. 11 66, 4

urgeo¹ 560, 9

1110 487, 15. 502, 10. 532, 22
urs finita nomina 320, 10
110 finita nomina 70, 9. 134,

17. 161, 26. 255,14. 272,

- Ξένων 221 1
” urbs 321, 5. urbium nomina ξένος ll 286, 10

xo finita uerba 429, 19
ξύμμαχος 24, 12

y littera 7, 15. 9. 8. 12, 19.
36, 17. υ littera 28, 2.

322, 29

10. 207, 19. 328, 10. 11 ῧᾶςωψ 271, 2
444, 26. 525, 2. monosyl- υἷος Π 464, 31

laba* 265, 23

usque modo 11 58, 9*. us·

que dum 11 326, 19

uocales 7, 7. 8, 10. 9, 5. 11, usquam 11 135, 22. 136, 4
27. 13, 21. (u. adim. 22, usquin 11 58, 8*
1. 23, 13. 25, 4. 111101ρί- 110101· 536, 4
100 9, 30. bitempores 324, usura 563, 3
5. breues 51, 26. ὃίχρο- usus 11 431, 29

vot 323, 5. liquidae 9, 30. 111 11 86, 9. 87 , 16. 95, 6.

“Tan Hylaeus 70, 25 ’
&necunde 575, 2*. 11 172, 22
yn finita nomina 216, 3. 219,

14

ὑπακούω 11 370, 15
ιζπνζγορεῦἳῗ ἶ131713111, 10
33³¹ ἔσιῗςτςῼ, 6. 319, 22. 371,

7. 373, 13 · ο

δ

