-.

moi-:x selur'ronM

Celer u. Velius

Celsus. Aruntius98, 9. Arruntius 251, 13.

11 408, 2. Ceisns 148, 7. 201, 1. 205,

14. 357, 12. 485, 20. 11 11, 49

Censorinus 13, 9. 19. dc accentibus 1127,

23. 45, 25. 46, 7. 47, 3

Charisius p. 27 P. 234, 16. 250, 17. p. 133

11 11, 14.’ρ. 215 470, 13. p. 217 485,

19. ,μ 218 499, 18. 502, 7. 503, 17.

515, 16. 532, 23. 535, 13. 536, 6. 11489,

37. p. 219 541, 13. p. 225 523, 23.

p. 224 508. 5

Cicero, M.Tuilius 357, 10. 384, 13*. 483, 18.

in Ara10210. 21. 211. 2. 5. 11. 13. 217,
20. 247, 17. 285, 3. 351, 2. 504,15.
11 30, 3. 55, 25.

in ciiorograp11m 267, 25

in prognosticis 196, 9. 504, 19. 11 105, 8. ,

‹·pistuiarum ad Caluum primo 490,12

in I epistularum ad fliium 445. 2. 527, 8

ad Nepotem 383, 1. 2 .

nd Pansam 1 11 70,13

pro Cornelio 361, 25. 435, 23. 527, 12.
530, 19. in 1 208, 7. 292, 16. 294, 3.
544, 26. libro 11539, 5 11 ll 216, 25

pro Fundanio 221, 3. 335, 18

in Metellum 510,10. in contionem Me-
teni 48Ὶὸ 6. contri contionem Metelli

pro Scauro 219, 10. 12. 317, 21

pro M. Tullio 197, 15

pro Vareno 112, 20. 307, 17. 348, 18. 19.

595, 11

in Oeconomico 385, 4

in Protagora 182, 3 (ιι. (αἰεί). 226, 9.
247, 21. 402, 22

iu Timaeo 11 463, 19

’ in Catone 510, 19

in Hortensio 250, 13. 506, 2
de rc publica 399, 13. in tortio dc rc-
publica 255, 9. in 1111 11 76, 14. in
quarto 11 462, 33. iu vl 98, 5. 225,
12. 11 70, 11 “
ad Herennium ιι. rhetor
dc inuentione l 3, 4 489, 13
20, 28 545, 2
26, 39 81, 12
11 13, 43 469, 8
dc oratore 594, 24
1 35, 163 539, 4
45, 198 107. 11
81, 25¹.) 5:311, 3
11 55, 224 250, 4
63, 256 495, 15
64, 259 495,17
69, 278 267,14
78, 317 538, 5
111 19, 73 121,18
1110181618 13, 41 427, 22. 434, 24
pro Sexto Roscio 7,18 11 37 9
12, 34 11 366.17
13. 37 381,
22, 60 11 7⁹2, 21

531

Cicero pro Sexto Roscio 27, 74 11 75, 2

28, 76 534, 24
34, 95 11 7, 18
36,104 11 76, 28

pro (⁸ nucina 9, 24 350,17
(liniunt. iu Q. Caecilium
1,111 246, 6. 249, l.

254, 23

7 23 n 333,19
13, 41 11 188, 5. 352, 17. 355,
12.369,11

14. 45 535. 18

17, 57

ll 373, 10

21, 67 ΙἸ 338, 22

iu vem-inis 201, 5. 357, 3. 527,

408, 17

iu vom-em

act. pr. 5, 14
7. 19
10, 32
12, 36
14, 42
17, 51
17, 52

act. sec. 1 {fl sqq.

,¹3

ΕΟ κΙΦωΝν

2,
3,
4,
21, 56

35, 90
36, 92

40‚103⁸q.

41,1ο1
41‚105
41,106
42‚lo7
42‚100
42.110
43,110
43,111
· 43,112
44.114
45,115

45,118
45.117
4o,118
. 4o,119
4ss,120
46,121
47‚122
47,123
4s‚125
48,126
48,127
50 131
51,1'34
52' 138
53,139
54‚141
54,142
55,145

11. 11

11 68. 22

11 299, 6

485, 1

223, 24

506, 19

11 188, 9

120, 3

11 263, 19

11 264, 2

11 264, 5

11 245, 13. 264, 8 “

11 264, 9. 306, 23
(ιι. add.)

11 264, 19

490, 7

11 189, 7. 260, 3

307, 1

11 260, 6

11 326, 9

11 260, 13

11 260, 14. 17

11 256, 24

ΙΙ ’261, 2

11 261. 5

11 261, 7

II 261, 8

11 203, 20

11 261. 12

11 261,16.18.262,
l. 267, 15 “

11 262, 1

11 262, 3. 4

11 262, 5

11 262, 9

11 262, 12

11 262, 14

11 262, 18

11 262. 20. 22 -

11 262, 24. 263, 2

II 263, 4

11 263, 5

11 263, 7

11 263, 11

11 70, 9

11 257, 2

11 257,16

11 179,18 ·

11 258, 4

34*

