564

assector 379, 7

assecula 121, 6

assentio assentior 399, 12.
435, 10. 436, 3. assentior
112'73, 2

assertio 11 365, 9

375, 11. 14. 25. 407, 7.
408, 5. 416, 14. Attica
constructio 11266, 18. At-
ticorum mos antiquus 11
406, 8. Atticismi quibus
Romani utuntur ll 229,18

INDEX RERVM ET VOCABVLORVM

Ausonia 11 522,11
auspicato 11 68, 26
auspic-o 392,11

auspicor 379, 5*.39·2, 11
auster austrinus 79, 3
austrum 39,10

assideo 435.13.11356,20 attineo 561, 12. 11 353, 4. aut 1196, 5. 97, 19. 114, 24.

assid1us 118,18

assuesco 394, 22. 566, 1

assuetus 566, l

assulatim 11 58, 7*

assumptio 590, 27

asto 474, 19. 309, 27

astu 1173, 4 ’

astutus 562,18

(ξσύμβαμα 11 211, 26

ἓῖῗ ¹1²1* 33²3? ³22¹. ἓ 478,15

Atax 16'7,1

Athenae 3,76 1611521, 24

Ἀθήνηθεν 11 25,18

ΑιΙι niensis 133,15

Athos 255, 9

Atlantiades 64, 3. 67, 4

atque 11 94. 10. 115, 15.
333, 6. 500, 6

atqui 11 100, 16

atrox 11 526, 3

attamino 35, 9

attat 11 90, 26

Atticorum mos dicendi 24,
11. 40, 2. 71. 10. 255, 13.
592, 13. 11171, 10. 22.
172, 8. 208, 2. 239, 24.
242, 1. 252, 14. 264, 18.
266, 2. 278, 8. 280, 12.
281,·7. 21. 285. 15. 293,
12. 297, 18. 300, 5. 301,
13. 23. 302, 13. 303. 11.
307, 10. 18. 308. 14. 309.

6. 19. 310, 14. 314, 5. 8.

20. 316, 10. 317, 7. 17.
319, 9. 18. 320, 4. 14.’19.

321, 7. 11. 13. 324, 13.

19. 325, 13. 326, 9. 327,
7. 22. 328,

335, 3. 330, 5. 13. 337, 5.

10. 338, 10. 21. 23. 339, 8.
340, 15. 342, 14. 343, ιο.

25. 344, 3. 9. 345. 3. 14.
346. 3. 7. 21. 347, 3. 16.
348, 14. 20. 349, 1. 350,
3. 16. 26. 351. 13. 22. 353.

22. 353. 6. 13. 354, 3. 9.

15. 17. 355, 0. 350, 3. 13.
357, 3. 4. 16. 353. s. 15.
18. 359, 1. 22. 360, 17.

361. 5. 362. 7. 363. 4. 12.
11. 14. 26.
369, 6. ιιι. 370, 2.

364, 17. 365,
368, 8.
15. 371, 3. 7. 12. 372, 3.

373, 4. 20. 374, 1. 11.

13. 329, 20.,
330, 6. 12. 16. 331, 11, 18.
332,14.21. 333,15.334,11.

attinet 11 298,18

ἀτυχῶ 11 297,19

au diphthonyus 38. 21

au interiectio 11 73, 14

auaritcr 11 70„ 20

auarus 11 218, 8

auceps 16, 18. 26, 13. 39,* t.
aucipes 280, 16

auctor 154, 22

aucupo aucupor 392. 23

audaciter audacter 1176, 24.

audax 118, 23. 140, 8. 340,

audeo 373, 3. 420, 10. 482,
9. 566, 22. 573, 23

audio 16, 3. 302, 18. 373, 19.
11277, 2. 279, 5. 295, 17.

· 320, 7. 358, 20. 371, 5.
audit 34, 24. 130, l

ane 450, 16

aueho 11 47, 30

auena ll 490, 16

auerto 11 277, 7

aufero 18. 14. 39, 4. 46, 16.
439, 21. 461, 22. 11 47,
24. 280, 13

aufugio 39, 3. 46, 16

augeo 459, 29. 46l,2l. 477,13

auger augeratus 27, 17

auymentum uerborum gracco-
rum compositorum 436, 14

augur 12, 15. 27, 17. 127⁸,
22. 356, 26

augurato ll 68, 26

augurium 39, 7

auguro 392,11

augu 10r379, 5. 380, 4. 392, 11

augustus 26, 11. 37, 7. 140, 4

auidus 11 216, 13. 218, 8

auis 16, 18. 344, 3

auitus 139, 14

aula 185, 6

ἐν ταῖς αὐλητρίσι 11 310, 2

aura 11 509, 20

aureolus 112. 13

aurifex 11 525, 32

aurigai ll 509, 34

auritus 441, 23

auro 433. 6

Aurora 11 509, 25

aurum 11 509, 33

aus finita feminina 169, 3.
275, 19. 319, 5

ausculto 11281, 7. 320, 7.
370. 18

aust-ulum 39, 10

286, 8

“ antem 11 102,12.104, 23.

αὐτοδίδακτος 596, 6

αὐτοκασίγνητος 596, 6

αὖτοπᾶθεια 378. 11. ⁹427, 19.
584, 5. αὖτοπαθεῖς per-
sonae 11 15, 26

abtim 11 369,15 .

αυτος11125,1.290,7,. αι’·
τοῦ 589, 3. ὁ αὐτός 54,
17. 581, 19. 11 11, 25.
120, 2. 124, 21

auitus 139, 17

auunculus 418, 6

auxilio 392, 10

auxilior 379, 4. 392, 10. 567,

ax finita nomina 164, 3. 322.
13 11 525, 30. graeca
164, 6. uerbalia 140, 7

“ ἄξιος 11 299, 1

ἄξιωέιατα 11 211, 20
ἀξιουμαι 385, 6

blittero 18,9. 19, 9. 20, 16.
34, 8. 46, 6 (cf. digamma)

baccar 324, 22

baccatus 562, 15

bacchor 434, 1

Βαγράδας 143, 9

βαίτυὶος 153, 19 *. 234, 17.

balanatus 442, 4-

barbara nomina 1⁴18. 7. 149,
14. 184, 21. 205, 5. 8. 214,
13. 222, 1. 279, 5. 312,
19. 313, 12. ll 444, 2.
520, 23. 523, 8 ·

barbari 8, l

barbarismus 11 111, 17

barbatus 442, 4

βαρύνομαι 11 284, 5

βασανισθείς 385, 4

βασιλεύω 447,13

Basion 587, 21

βασκαίνει) ’11 284,13

βδεδυρ 6,- bdcllium 42, 9

Belena 18, ll

Belides 67, 11

bellaria 11 497, l

belle 552, 9 (u. add.). 1151,
21. 80, 1. 88, 22

bellienus 11 497, 3

belliger 11 497, 7

bellissime 11 88, 22

Bellona 11 497, 6

