582

meo 11 469, 28
Mephitis 328, 5
mercedu11107, 11
mercor388, 15
Mercurialis 130, 24
Mercurius 301, 20. 302,
merges 130, 9’
ιιι( reo 395, 26. 512, 16. 11
154,12. 275,4.364, 10.

mort-m 395, 26. 11 275, 4.

364, 10. merens 351, 15 misceo 11 274, 3

meretrix 11 525, 35

meridies 24, 6. 35, 2. 137,
8. 159, 5. 365, 25. 11475,
21. meridie 11 71, 17

meridio‚1neridior 396, 12

merito 11 68. 26. 72, 25

μέρος .11 357. 16

morso 430, 6

μεσῑτις 328, 5

μέσος 11 481, 9

11ι55 ι1ιιιιι5 77, 13

- met 590, 26. 591, 24. 593,
18. 1114,l2. 144, 2. 528,.. ··)2

μετά 1126, 27. 38, 15

mett 11 521,10

nutaplasmus 290, 20. 590, 22

Metaurum 170, 5
μεταξύ 11 42 24. 43. 6.
362,17

Mttcllus 115, 4. 11521, 19

μεθύω 193, 2*

maculosus 138, 27

, nu ·to 396, 13. 419, 9. 537, 6.
23. 571, 17. 11 190 1

metor 379, 11.390, 13

μέτωπον 11 477, 37

Μητροπολίτης 79,13

ιιιι·.ιι·ι generalia 1'1 459, 9.
t'·abula1um Tem-mii 11 118,1

metuo 372, 3. 373, 16. 391,

421, 5. 192, 6 505, 21.

560, 9. 11272, 17. 276, 6

memor 373. 16. 391, 6

, metus 363, 12

umu511115.11.5. 174,
10. 198, 25. 207, 31
Mezentius 24, 6 (ιι. adca).
weh ael 312, 19
mico 468, ’26.

526, 29

4,72 20. 11

micturi04295 13.495, 12
μικρὸν ἢ μέγαν 11 327, 22
mih· cs 156. 15. 316, 10. 11
219,
mititiaelt 67, 5. 85, 12
μιμνήσκωῐί 298. 13. 327. 25
minu Attin ιι 11408, 20 409,
29. 410, 6. Gn {itit 11 108,
‘20. Italica 11 410, 3
mingo 472. 21. 488, l. 495, 5
minimus 95, 11. 99, 11

ministro 11 274, 2
minito mittitot- 396, 12
Mino Μίνως 255,1. 8
mv roes 107, 10. 243, 8. 325, 16 mino minor 396,11
minor 89, 3. 346, 11. 11307,

INDEX RERVM ΕΤ VOCABVLORVM

solutus 11431, 12. ineli-
natus 11 431, 11. rectus
ll 431, 11

modus infinitus 369, 4. 408,
21. 409, 7. 413. 21. 421,
19. 422, 7. 425, 9 (n.
add..) 23. 450,1, 552,
17. 554, 20. 564, 20. 596,
23. 113224, 23. 229, 21.
232, 26. 235, 4. 248,
17. 342, 2. 374, 14. 453,
37. 454, 4. praes< «ntis 11
199, 23. raeteriti per·
fecti ll 19 ‚

19. miuus 93, 20. 11327,
22. 331, 4
minusculus 86,4. 101, 11
mirabilis 132. 9
miror 11 163, 21. 319, 9.’
326, 3 =
misellus, 110, 13

misereo 392, 16. 425. 18. 26. sumti

428, 12. 432. 10. 11486, 7. 475, 9. 11 470, 33. pas·
miseret 11 148, 14. 158, 31. 5ἰιιί 413, 23.11 470,15.
230, 7. 231, 8. 232, 25. 456, 10. 483, 23. 1'1tturi

329, 13
misereor 389, 14. 392, 16.
425, 18. 11 159, 18. 163,
26. 164, 3. 24. 178, 13.
275, ’2. 487, 34
mist-roseo 428, 13
misericorditer ll 80, 24
miscriter 11 71. 5
ιιιί5 51Ιί5 ιιιί55 ibilis 11 490. 11

11 470, 33. impeto sona·
lium 11 470,15. 483,23
opt·1t.iuus 407, 10. 421, 19.
421, 8. 449, 23. 11 198, 3.
228, 29. 238, 12. 239. 12.
242, 1. 243, 8. 251. 5. 255,
17. 265, 7. 18. 266, 4. 11.
17. 289, 10. 17. 453, 17.
graecus 11 253, 1;1. praeseu-
tis 408, 23. 11251. 6. im-
” perfecti 407, 24. praeto-
riti 407, 12. perfecti 408,
12. futuri 11 200, 8. 452,
3. 453. 24
subiunctiuus 408, 18. 421,
19. 422, 16. 424, 12. 11
95, 18. 100, 9. 112, 6.
227, 18. 228,
238, 12. 239, 25. 241. 3.
289, 17. praesentis 11200‚
9. 452, 4. 453,.25. im-
modi uerbi 421, 16. 11 162,p‹11'ect'1 11257, 20. futuri
1. 227, 21. 235, 4. 211, 14. 416, 25. 417,11. 28
370, 4. modi (lt ›sectiui 11 μοιχός 11 42,1

228, 2l.1;31111dus definiti- μοι’ρηθεν μοιριὸίως 11 79,
uns 121, 21

ιὶιῚιιιυΊῑίιιιιε 419, 23 mol-‘uis 133,6.161, 18

dubitatiuus 422, 18. 1124Ι,4 molt (5 349. 13

imperatit1us406, 15 (ιι. adm). molio molior 392, 12
421, 18. 423, 26. 449, 7.
11 114, ,12. 228, 6. 21.
236, 23. 255, 17. 452, 32.
485, 2. passini 11 455,
17. praesentis 11 200.
praeteriti 406, 25. apud
graecos 406, 20. futuri
406, 15. numeri impera·
t‘mi 11 304, 8

iudicauimus 406, 12. 421,
20. 554, 14. 11 97, 15.
156, 15. 157, 11. 211,
3. 228, 29. 235, 15. 238,
12. 239. 15. 242, 1. 243,
2. 2-14, 17., 245, 12. 251,
2. 255, 11. 265, 1 Γ. (·ιιιιικ
paratiuus 11 431, 11. con-
uictittus 11 431, 12. dis·

Mithridates 246,11.11 441, 3
μνήμη 11 321,18
μοχλός 403, 9
modemi 11 528,
modtro 396,13
medem 193, 4*.396, 13.
11273,15
modus 306, 21. 11 481, 8
modo 11 69, 8. 72, 25. 81,
, 3. 283, 17. modo non 328,
modulo modulor 396,12

18

molimen 126,12

molo 526, 8

’μώλωψ 107, 6

μεμολυμμένος 11 12, 6

moneo 461, 4. 477,13. 11
276,15. moneor 391, 25

Moneta 198, 13

monile 121, 7. ll 522, 28

monimen 126, 4

monitus 563, 1. 11 456, 31.
463, 25

μονονουχί 11 328, 10

monoptota 184, 6. 187, 16.
11 2, 6

monosyllaba ’273, 10. 265, 3

monimentum 125, 15

mordeo 23, 7. 460, 2

mordicus 11 58, 6*. 78, 9

29. 237. 22. '

