INDEX RERVM ET VOCABVLORVM

'573

130, 9.156, 10. 240, 5. ἕξ 32, 26. 192, 137*. 455, 6. exterminatus ll 42. 18

316,14. es roducta fi-

uita nomina 1 , 11. 158,

11. 242, 7. 276, 3. 317,

11. 11 443. 23. graeca

244, 1. 276. 3. 286, 3.
11 443, 23. es finitorum
dimiuueiua 107, 3

esca 198,11

ἔσχατος ἕσχατώτατος 98,1

esox 11 526. 3
’σθημαι 11 318, 4

ἰσσον 24, 2

esurio 429, 13.495, 13

Ἐτεοκλῆς 244, 3. 11446, 28

ἕτερόκλιτα 11 145. 3

et 11 286. 8

etenim 11 528, 33

ἕθεν 187. 12. 113, 13. 287,
11. 418, 23

etiam 11 156, 16. 26

etiamsi 11 99,13

ἔτος11316,6.368, 13

etsill96,15.99. 13

ἥττων 11 307, 20. ἦττον

eu diphekon ns 39, -12

Euan 220,

Euandrius 68, 16 ⁹

Euandrus 68, 16. 224, 17.
300, 18

eug} 1190, 15. 91, 27. 528,

Εὗχαρις 252, 11

=euenio 561, 11. euenit 432,
16. 11 158, 29. 229, 23.
230, 5. 486, 2

euentus ll 232, 3

Euerides 67, 11

euerto Il 477, 4

euge 552, 9 (ιι. add.)

euhoe 11 91, 27

euiscero 274, 14

Eunus 272, 12 .

216.

’ 51, 5. 82, 10. 122, 3.125,
10. 128, 6. 133, 15. 136,
8. 13. 305,17. 357,13.
372, 6. 437, 21. 481, 29.
488, 1. 507, 17. 21. 521,
2ο. 522, 11. 525, 1.10.
565, 23. 589, 25. 593, 2.
10. 1111, 5. 47, 25. 56,
21. 448, 2. 456, 22. 463,
14. 494, 30. 511, 31. 522, 6

Εὔπολις 252, 6

Euripides 63, 3.2-17, 1

eus finita nomina graeca276, l

Euterpe 142, 23. 145, 12

ex finita nomina 140, 11.
164, 8. 322, 18. 11525, 32

ἔξ ρναομοειίἰο 187,12 (ιι.
add..) 11287, 10

ΙΙ 16, 20

exaduersum 11 514, 23

ἒξαιτῶ 11 288, 11

examussim 11 59, 9*

exanguis 160, 19. 251, 8.
271,12.11182,14

ἐξαρκεῖ 11 288, 13

excarnifico 402, 3

excudo 461,17

excelleo excello 491, 2. 526,
18. 527, 5

excito 11 276.15

excludo 11 36, 1

excuso 516, 4. 11 276, 5.
344, 6

execro 392, 13

execror 379, 6*. 382, 3.
392,9.11322,11

ἕξηγοῦμαι 11 311, 9

ἐξεναντίας 1126, 16. 42, 3

exeo 1142, 19. 288, 6. 313, 10

exequiae 34, 3

exequor 34, 3. 379, 6*. 11
48, 8. 315, 3

ἐξέρχομαι ll 288, 5

exercitus 256, 9. 11 444, 31

ἐξόν 11 287,16

exlieredo 433, 21

exhibeo 11 268, 17.

exigo 437, 30. 438,

exilis 131, 21

exin 11 67, 13. 125, 3

exinde 1135, 17. 67, 11.

ἒξίστημι 11288, 21. 313, 3

existimo ΙΙ 274.18

ἐξίτηλος 131, 21

exlex ίὶὲθ,8. 11 35, 27.

exoleo 489,16

exordior 379, 10. 386, 8

ἔξορ ὦ II 288,1

ἔξω εν 11 25.18

ἒξουθενῶ 383, 4

ἐξουσία 11 287,19

expecto 11 274, 8

expergiscor 512, 24

experior 379, 10. 386. 11.
400, 15. 540. 13. 543, 5.
expertus 11 345, 21

expers 593, 21. 11 217,
293, 15. 503. 24

expes 1135, 23. 42, 18

expiro 11 48, 8

expostulo 11 288. 12

exprobro 11107, 18*. 268,18

expultrix 371, 9

expungo 524,11

exquaero 38, 2

exsanguis u. exanguis

exsequiae exsequor u. exe-
quiae exequor

exter 85, 6

273, 2
20

27.

externus 118, 22. 1142, 20

extimus 98, 8. 100, 14

{223111022643212 30, 3. 26.
42, 7. 43, 19. 84, 9

extraneus 69, 2. 11 42, 20

extrauersus 11 59, 4*

extreme 11 80, 8

extremus 99, 4

extrinsecus ll 36,13

cxu11136,1.42, 18

exulo 37,7 15. 11269, 27

εὐαγής 11 12, 3

8υέομ μαι 11 248, 22. 316, 18

5212125112 13...
22. 464, 20

εὐπορία 168,11*

εὐσεβής 11 1⁹2, 3 ⁷

εὖθαλῄς 152, 3. 343, 26

εὐτυχής 11 12, 2. 481, 15

rzitter010.ll. 11,12.12,
1.18. 19„8.222.4 35,
13. 48,

faba 176, 5

Fabaris 327, 15

fabella 110, 16

faber 307, 17

Fabrateria Fabi-aternus 81, 5

Fabricius 135, 33

fabula 110,16. 11 430. 2.
Aesopiae fabulae 11 430, 9

facesso 377, 5. 431, 16. 535,

facies 11 524,19

iacile 11 68, 5. 77, l

rioms 11 219, 9

facio 22, 7. 25, 9. 376, 23.
398, 20. 399, 5. 401, 6.
402, 9(u.a‹1d.).4·35, 15.
438, 21. 459, 28. 460⁹, 19.
477, 14. 496, 11. 497,19.
513, 16. 11 267, 20. 269,
4. 271, 16. 272, 14. 346,
9. 527, 28. sw 325, 9.
373, 4. sa ¹'uui 376, 25.
facio cum alequa 11 326.10.
curum facio 11 350, 2

sactum 563, 4. Il 148, 22.
464, 25

faex 169. 16. 323, 20

faginus 70, 19. 75, 24

fallax 140, 9

sallo 438, 24. 460, 3

salso 11 68. 26. 528,

salx 323, 22

fama 11, 21. 19, 9

sames 243, 12. 349, 13. 11
475, 38

famulor 11 274, 3

famulus 11 219, 24

sanus 11 59, 5*

27

