ΙΝ DEX scR1PTORvM 535 “

11. 481, 13. 482, ’21.486, 19. 492, 5. Homerus 11. Ε 322. 496- 450, 8
495, 30. 510, 6. 514 18. 526, 5 Ζ 124 1133, 15

Grillius 36, 2. ad Virgilium de accenti- 331 1133, 7. 312, 23
bus 35, 27 ’ Η 113 1133, 15
¹ , · Θ 19 ll 287, 12*
Hemina ιι. Cass ius 24 11 195, 17. 359, 16
Herodianus 1, 8. 2, 21. 01, 19. 195, 8. 287 11 266, 8. 289,14
205, 7. 214, 17.11 95,13.492,14. Ῑ 247 11 33. 7. 312, 23
501,13. iu l catholicorum 276 10. de 527 11 298, 12
ormo-v graphia 45, 6 059 sq. ⁵ 11 300, 13
Heliodorus metricus 11 426, 14. 16. 427, 2. Κ 378 11 14, 26. 15, 22
428, 5. 10. 17. 25 416 450, 8
Hephaestion metricus 420. 15. p. 112 ed. ’ Μ 231 239, 22. 331, 6
Gaisf. alt. 11 429, 1 239 11 304, 2
Herodotus 1 2 11 357, 6 Ξ 1 39, 23 “
0 11 285, 18 ⁷ Ο 256 sq 11 151, 14
14 11 294, 9. 303, 4 538 11 189, 21
17 11 372, 10 ‚ 737. 73939. 11 285, 5
19 , 11 294, 2’ Π 235 38, 11
22 ll 300, 19 280 sq. 11 186, 15
36 11 345, ’2 P 159 11 34, 10
59 11 321, 13 ο , 163 11 34, 10
’ὅθεωίικ 11 354, 3 . 548 11 187, 13*
70 11 408, 8 Σ 58 11 34, 10
91 11 300, 20 Τ 362 . 11 34, 8
214 11 271, 27. 325, 3 Τ 83 11 348, 17Ἰ
11 106 11 411, 13 r 234 sq. 11 19, 4
111 16 11 325, 4 377 11 450, 8
65 11 301, 3 ’ Φ 305 11 419, 1
VIII 108 11 358, 9 - X 387 II 314, 20
’ Hesiodus 11 430, 0. 432, 23. opp. ee dier. Ω 1 sq. ll 306, 9
⁸ 255 sq. 11’274, 5. theoyon. 3 11 41, 20 145 11 34, 10
Hipponax 289, 8. 11426, 17. 428, 24. in l 271. 275 11 331, 24
11 426, 19. 22 391 11 33, 15
lllstoriei quidam 148, 12. 11 236, 20. 315, 480 11 280, 7. 327,25
20 (ld. α 9 11 280. 21
110111eru311 176. 22. 182, 4. 432, 31 33 187, 13
11. A 12 11 120, 8. 163 sqq. 93, 1
46 450, 8 γ 39 11 18, 24
71 11 34, 10 θ’ 384 450, 8
84 11 120, 14 ι 391 11 419, 3
88 sq. 11 214, 21 λ. 90 sq. 11 187, 8
114 11 287, 17 · 91 11 15, 23
135 11 242, 5 μ 73 11126,10.181,13
130 11 304, 4 ν 265 11 19, 2
162 11 33, 15 ο 389 11 206, 6. 289,12
255 11 100, 8 ’ π 45 11 33, 7
275 11 280, 23 ρ 172 sq. 11 120, 11
415 sq. 11 230, 18 φ 288 11 33. 7
525 187, 13 χ 423 11 290, 19
592 sq. 11 189, 18 Horatius 508. 15. 561, 7 (ιι. add). 11 307,
B 91 lI 33, 15 24. 430, 0
107 li 208, 11 carm. 1 1, 21 sq. 385, 0
305 11 41, 21 · 2,11 sq. 144, 17 .
537 11 418, 27 4, 4 397, 10. 432, 1
701 11 192, 19 6, 39, 15. 277, 0
Γ 277 11 208, 2 ⁴ 13 sq. 11 251, 22

332 sq. 11 18, 22 7,13 208, 7
351 11 190, 7
383 sq. 11 193, 23
, Δ 178 11 239, 21

, l 287, 5. 11459, 14
3 «εἴ 11 137, 21. 249, 21
3

ἔδω

203, 8

310 ιι 300, ιιι ιι 460. 7
E 56. 80 ιι 15, 4 ιο, ι 302, 7
178 ιι 33, 7 losqq. ιι 222, ιο

