mnssx sfflw'ronvm'

Horatius
epist. 1 19, 45 sq. 346, 9

20, 19 301, 23

27 359, 24
11 l, 10 460, 6

17 501, 26. 559, 9
194 sqq. 144, 20
195 218, -13
195 sq. 156, 7
217 222, 17

2, 184 245, 15

artapoet, 47 sq. 11 254, 16

55 sq. 11 271, 19

63 sqq. 267, 23

414 sq. 11 331, 15

Q. Hortensius 381,10

Hostius in 1 anuali 270, 8
Hyperides adn. Aristogitonem 11 299, ⁴20*.

Δηλιακῷ 11334, 7.
vove 11 324,19. ἐν

κατὰ Δημοσθέ-
τῷ κατὰ Πασι-

uffe'ovc 11 299,1. ἐν τῷ περὶ τοῦ τα-

ρίχους 11 195, 9

Imeus 276; 10
Incertus poeta 11 421, 5.

tray. apud Cicer.

Tusc. Ι 470, 19. yraeci poetae incerti

15,10(u.c'1‹1‹1..) 16

16, 20. 28, 4.

11 106 17. cf. prl’ouevbtum
Incertus scrn’ptor ἐν τῶ περὶ μουσικῆς

11 412,1

lsaens 11 335, 3. 4. ἐν τῷ πρὸς Εὐκλεί-

δην 11 172,15

Isocrates ep. πρὸς Ἀντίπατρον p. 415

Steplz.11308, 14

” Ae« giuet. 23 p. 389
24 p. 389
46 p. 393
Archidami 104 p. 107
109 p. 138
Areopagit. 48 p. 149
3ᾱᾳ.1)8111011’ω. 20 p. 6
34 p. 9

encom.Heleuae57 p. 217
acl-Nicoclem 27 p. 20
de pace 19 p. 163
34 p. 100

81 p. 175

92 p. 177

110 p. 181

143 p. 187

panegyr. 4 p. 42
16 p. 44
66 p. 54
144 p. 70
146 p. 71
108 p. 76
79 p. 98
2 p. 297
5 p. 297

Philipp.
Plataic.

11 287, 23
ιι 194, 7
11 325, 9
ιι 363, ι9
ιι 296, 3
ιι 319, 2
ιι 354, 9
11 279,3.295,4
11 376, 5
ιι 195, 6
11 361, 9
ιι 281, 21
ιι 281, 23
ιι 315, 23
ιι 393, ιι
ιι 368, 2
ιι 356, 3
11 372, 11
ιι 339, 9
ιι 295, 19
ιι 194, 29
ιι 319, 14
11 360, 9
11 366, 13
11 339, 14

Iuba 11420, 7. 23. ? in octauo 11420, 24

quenalis stat. 1 1, 5
34 sq.
39
40

208, 16
11 09, 8
107, 20

113, 4

537

quenalis σαι.1 1, 49 sq. II 333, 24
993q. 511, 5
131 494, 17
168 sq. 11 236, 26
2, 56 248,12.290,18
93sq q. 162,12
130 sq. 11 275, 23. 11
326, 21
134 556, 22
. 165 11 375, 12
3, 23 sq. 11 71, 19
72 309, 18
78 11 247, 6
93 sq. 259, 12
94 sq. 113, 5*
· 97 103, 17
203 sq. 219, 2
232 409.15.
11 233,17 f
290 11 26, 18. 42, 3“ '2
294. 165, 6 ·
295 1197, 21
31889 q. 401, 9
4, 11 sq. 589, 19
94 101, 19
122 133, 7
5, 1 545, 22
26 sq. 485, 21
87 sq. 11 329, 3
95 155, 18 (ιι. add.)
127 408, 22
11 6, 7 11 220, 2
38 sq. 482, 15. 485, ll.
492, 8. 559, 15
112 σᾳ. 347, 16
121 339, 17
231 233, 5
259 112, 2
328 sq. 404, 2
350 104, 13
388 11 331, 11
489 146, 10
494 404, 6
498 102, 15. 259, 15
578 sq. 472, 13
641 sq. 311, 2.11143, 24
111 7, 13 sq. 11 77. 24
56 11 363, 21
75 sqq. 346, 18
82 sq. 11 158, 11
97 338, 21
129 399. 8
139 sq. 11 329, 23
148 11 495. 34
165 sq. 387, 10. 11275, 7
8. 10 323. 10 ·
85 .11 222, 14
142 11 364, 21

187 113, 7 -
225 sq. 419, 4

9, 2 286,22.11481,36
15 433, 13
58 529, 21

59 sq. 397, 13

