ΙΝ DEX SCRIPTORVM

Plautus in Aulularia 1 1, 19
· 28 11 58, 2*

ιι ι, 48 ιι 0. 2
4, 8 ιι 58. 2*
4, 25 sq. 155, 8
8, 15 104, 1
ιιι 6, 10 sq. 210, 3
30» 50, 12
11119, ιι sq. 258, 17

19, 70 38, 2
in Bacchidibus 575, ll*. ll 58, 2*
111 1, 12 421, 2. 560, 28

V 2, 30 97, 10. 264, 18
ιιι Captiuis ιι 2, 883q. ιι 74, 12
89 11 58, 3*“
- 102 ll 58, 3* ·
3, 8 11 58. 3*. 76,]
111 5, 60 96, 3
5, 107 sq. 207, 7
1111 2, 35 51, 19
46 258, 23
75 258, 15 ’
4, 12 170, 19
in Casina prol. 49 11 58, 3*
ll 4, 18 11 58, 3*
5, 25 229, 16
6, 28 320, 7
32 76, 2
8, 58 108, 19
66 11 58, 3*
111 2, 25 ll 58, 4* ·
4, 14 102, 17
5, 58 sq. 104, 9
· 59 11 58, 4*
1111 4, 16 330, 13
V 1, 5 sq. 370, 18. 377, 17

3, 13 ιι 58, 4*

in Cistellaria 103, 12. 20. 105, 10. 107, 5. “

(111656, 114, 4. 270, 18. 388, 3. 11 58,

1 l, lsq. 529, 15 (1ιῖ add.)
11 1, 35 62, 9
37 322, 5
in Curculione l 1, 10 107, 13
70 ’11 58. 5*
75 301, 4
82 263, 4
2, 12 11 58, 5*
13 11ι75, 12
33 11 70, 20
34 11 58, 5*
3, 2811. 113. 20
50 11 58, 5*
11 3, 84 ΙΙ 58, 6*
1111 2, 20 11 16, 16
4, 20 ll 58, 6*
V 1, 7 ll 58, 6*
in Epidico Ι 1, 38 sq. ll 252, 8
11 2, 63 11 58, 9*
111 4, 10 86, 24
49 11 58, 7*
V 1, 34 112,14.113,15
in Menaechmis prol. 64 ll 58, 7*
1 2, 25 309, 4

’ ιι 58, 1* mamus in Menaechmis

11 2, 66
111 2, ll
3, 4
1111 3, 9
V 1, 7
48
2, 101
102811.
2, 106
121
9, 30
in Mercatore 1 l, 99
2, 39
92
11 1, 33
3, 107
111 1, 11
V 2, 88
89
4, 16
’111 Milite glorioso
l 1, ll sqq.
ll l, 70311.
5, 36
111 3, 66
llll 2, 67 sq.
96
V l, 20
ἰιι Mostellaria l⁴ 1, 23
2, 35 ·
50
3, 13
91
150
11 2, 38
Ill 1, 127
2, 19
V l, 1
52 ⁹
in Persa

ἰιι Poenulo prol. 46

90
1 2, 26
27
122
143
3, 34 sq.
ll 24 sq.

543

ιι 122, 10
482, 18
151, 0
151, 11
79, 18
239, ιι
216, 1467. aaa.)
262, 5

ιι 58, 7*
11 58, 7*
212, 6

11 59. 3*
ιι 50, 3*
11 59, 3*
11 67, 2
11 59, 3*
270, 11
220, 2
801, 2

· 1159, 3*

11 421, 21
200, 11

11 59, 2*

ιι 50, 2*

148, 24

ιι 50, 2*

102, 11

ιι 58, 7*

444, 10. 480, 11
11 58, 8*

11 58, 8*

ἸΙ 58, 8*

114, 7

114, 0

11 58, 8

00, 17. 11 67,8
ιι 58, 8*

204, 14

138, 27

ιι 50, 5*

ιι 50, 5*

224, 12

ιι 50, 6*

11 50, 6*. 70, 20
ιι 50, 6*

ιι 50, 6*

11 50, 6*

200, 3

00, 20

ιι 50, 6*

ιι 59, 6*

ιι 50, 6*

11 50, 7*

ιι 59, 7*

ιι 50, 1*

11 50, 1*

11 70, 20

105, 8

1150, 1*. 7ι,1
206, 4

272, 8

100, 9

