INDEX RERVM ET VOCABVLORVM ¹ 599

uas 155, 22. 239, 2. 309, 11. 482, 27. 484, 28. 526, uerbum impersonale 413, 21.
11. 325, 18 (u. 6.(ἰιι). 17. 60161 affectus 373, 10. 420, 17. 425 13. 432, 9

326, 8 ordinatio 11 224, 22. si· (u. add..) 450, l. 560, 21.
uates 353, 2 gnificatio 370, 1'. 373, 9. 596, 23. 11161, 24. 229⁹. 20.
1161101601· 389, 10 564, 26. species 427,10. 241,,16. 418,25. 485, 3⁶3
6601· 150, 15. 152, 13. 343, 25 uerbum ·1601106116661 418, 24. 421,
ubertas 128, 14 'absolutum 389. 16. 393, 22. 3. 427, 16. 508, 3. 559,
ubi 182, 19. 11 71, 19. 83, 11 54, 28. 159, 15. 164, 27. 11 471, 6. 514, 13

11. 88, 25. 123, 18. 132, · 23. 270, 10. 275, 4 inconcinnum 372, 1

23. 134, 10. 136, 20. 348, acquisitiuum 11 268, 13. 29. -indicatiuum imperatiuum in-

19 271, 29. 272, 27 finitum subiunctiuum u.

ubiubi 11 135, 20 actiuum 373, 15. 371, 11. modi

ubique 181, 23. 11 343, 3 26. 390, 7. 392, 7. 393, inquisitiuum11274, 7 ”“
ue 1197, 19. 458, 19. 522, 2 10. 22. 395, 25. 397, 4. interrogatiuum 11 275, 0 ’δι
. uecors 282, 11. 325, 19. 11 411, 3. 453, 25. 550, 15. intransitiuum 552, 25. 553,

182, 15.515. 15 564, 27. 574, 4. ΙΙ 238, 1. 16
uectigal 123,l4. 11 523, 7 14. 267, 12. 268, 12. 20. liquidum graecum 447, 4
uectis 345, 6 269, 10. 271, 15. 277, 4. laudatiuum 11 272, 19
601 1174,’20, 89,19. 97,,19. 278, 7. 454, 25 meditatiuum 418, 24. 421,
98,16.107,1*.114,24.61101611661611274, 16 8. 429, 15. 495,13. 501,
286, 8 aequiperans 11268, 29. 271, 4, 559, 27. 11 514, 13
6016το 133, 7 29. 272, 27. 274, 3 μεταβατικόν 552, 26
6011600 402, 5 affectiuum 11 130, 24 opinatiuum 11 274, 17
60116001· 387, 12 ἆμεταβατον 552, 25 praeceptiuum 11 227, 13
6011605 11 526, 2 . anomalum 417, 25. 439,17 neutrum 186, 7. 369, 4. 373,
6011100 423, 5 ἄπρόςωπον 193, 3* 26. 374, 11. 375, 10. 378,
60110 526, 18 artificiorum 11 272, 21 l. 397, 5. 411, 8. 11. 413,
601110 6011101· 396, 23 βαρ ὐτονον graecum 11442,19. 417, 18. 421, 6. 425,
601165 273, 14 , 20. 445, 17. 446, 7 14. 453, 25. 483, 10. 492,
uelox 140, 19 casuale 54, 10 4. 558, 15. 560, 1. 564,
uelum 125, 25. 133, 7 commune 374, 2. 11. 378, 27. 565, 25. 573, 20. 574,
uelut 11 107, l* 21. 419, 19. 557, 28. 566, 1. 11 267, 19. 277, 19.
uendibilis II 219, 10 28. 568, 6. 11200, 5. 270, absolutum 397, 5. reci·
uendo 498, 16. 516, 9. Il 6. 272, 7 procum 397, 5
177, 4· compositum 434, 22. 437, neutrale 376, 22. 393, 10.
Veneria 11 522,10 9. 440, 14. graecum ss 238, 14. 269, 26 ,
ueneror 387,14 436, 4 neutropassiuum 420, 9. 538,
60600 377,1'5. 476, 13. 538, (100οΡῑὶ6616 11 272, 26 14. 566, 21. 573, 23
25.543‚ 18 decompositum 434, 23 participiale 54, 10
· ueniam do 11 359, 22 6010011666] 369, 18. 418, 22. 6115516616 373, 19. 374, 1.
60610 398, 23. 399, 10. 461, 450, 15 , 11. 22. 375, 18. 390, 21.
1. 477, 4. 11528, 10. ue· denominatiuum 11 479, 3 391, 20. 392, 7. 393, 10.
nit in mentem 11 352, 18. de oneus 369, 5. 374, 4. ll. ’ 22. 395, 25. 406, 24. 411,
355, 13 78, 24. 411, 11. 413, 19. 3. 419, 19. 550. 16. 565,
601101· 387, 12. 11 454, 17 419, 19. 498, 18. 501,10. 4. 11 17, 6¹⁸². 158, 22.
ν 60610565 138, 21 505, 26. 507, 19. 512, 22. 170, 2. 238, 15. 454, 25
uentriculus 103, 15 ’ 537, 21. 26. 567, 10. 11 perfectum 421, 11 (ιι. add.)
uentus 11 ³145, 6 267, 19. 268, 9. 269, 26. precatiuum 11 276, 16
Venus 269, 21. 372, 16. 11 277, 19 primitiuum 427, 11. 562,· 4
511, 17. 525, 22 1101166116616 427, ll. 549, purum graecum 447, 12
uenustus 140, 4 7. 562, 4 reciprocum 11 270, 14
ueprecula 107, 9 desideratiumn 431, 18. 535, rectum 374, 13
uepres 169, 19 8. ll 274, 7 refractieium refmctiuum 11
Verania 11 521, 36 discretiuum 11 277, 6 183, 7
uerbum 54, 9. 55, 8 (u. (ταώ). disyllabum 459, 19 (n. add.) separatiuum 11 277, 6 ο
84, 15. 369, 1. 563, 12. finitum 369, 3 simplex 434, 22

11 116, 7. 24. 118, 1. 12. frequenmtinum 429,21. 501, subiectum 11 271, 30. 272,
119, 12. 121, 3. 130,*27. 4. 535, 11. 546, 8. 11466, 27. 273, 24. 274, 2
131, 14. 132, 2. 133, 3. 17. 477, 27. 514, 7 substantiuum 414, 15. 419,

144, 9. 147, 13. 154, 21. funebre 11 275, 18 21. 550, 8. 580, 11. 582,
‘ 155, 5. 160, 19. 163, 25. hortatiuum 449, 17.11237, 11. 585, 21. 588, 24. 11
164, 12. 16. 165, 20. 166, 6. 276, 15 12, 13. 13, 17.130‚ 16.

11. 182, 24. 210, 5. 219, ammes.- 397,-5. 6 270, 152, 7 153,18.28.151‚
2. 450, ’12 404, ’.35 400, 14 2. 100, 13. 203, 5. 204;

