‘546

Solinus in memorabilibus 1, 21 ll 313. 10
22, 2 270, 17
33, 8 80.23.151,0
111 admirabilibus 33, 8 233, 17

Sophistae iuniores 11 405, 12

So 1100108 11 428, 1. Αἴαντι (2²) ll 193, 18.
308, 19. Λακαίναις ll 302, 13. ἐν
Φιλοκτήτῃ τῷ ἓν Τροίᾳ 11 281, 5.
Aine. 1 302, 4. Auligon. 707 sqq. Dind.
11185, 1. Elaver. 410 11100,10. oedip.
Col. 2:304317. 11 312, 1. 00111Ῑ1. tyr. 1050

80311911ιῖ’255 5

Staberius 110 proportione. 385, 1

Statius Achilleidos

1 109 sq. 473, 18
131 444, 12
285 327, 4
332 sq. 340, 8 (ιι. aad.)
372 sq. 278, 3
11 120 342, 5

11 10, 23
574, 10
300 339, 20
415 sq. 299, 12
596 sq. 11 09, 13
008 sqq. 308, 15
038 sq. 159, 2
11 30
203 sq.
242 sq.
205 sq.
297
350 sq.
388
572 sq.
573

siluarum 1 2. 135
Thebaidos 1325

72, 10
11 217, 8

72, 10

41, 3

351, 15

11 00, 10

11 318, 23

11 320, 20

300, 1

11 280, 1

218, 10

145, 25. 208, 13
544, 18

401, 15

470, 10

105, 17. 283, 13
202, 10

40, 18

408, 2

41, 1

481, 20. 521, 21
351, 10

310, 3

72, 12

575 sq.

584

716 sq.
111 407
598 sqq.
720
140 sq.
180
287 sq.
290
413 sq.
417
428
475 sq.
485
711 sq.
710 sq. 72, 22
842 sq. 317, 7. 342, 19
V 35 sq. 520, 8

44 287, 8

94 220, 4

117 sq. 348, 0

212 sq. 159, 18

380 161, 20
Vl 101 sq. 70, 15

ν379 sq. 209, 18

1111

515, 14. 522, 13 ’

INDEX SCRIPTORVM

Statius Thebaidos

V1 515 sq.
8-15 sq.
VII 9
585 sq.
047
791 sq.
Ylll 120
256
744 xq.
1'1111 07
132
230 sq.
294 sq.
299
354

202, 23
340, 15
330, 2
241, 4
207, 0
11 314, 14
80, 10
521, 13
301, 11
501, 3
541, 3
541, 5
170,10
521, 15
510, 20

x 3-13 sqq. 41, 18. 72, 7

811 sq.
xl 197 sq.

283 sqq.

338 sq.

428 sq.

582 sq.
Xll 218

374 sqq.

539
810

331, 8
510, 22

11 34, 17
11 103, 1
85, 7
830, 23

11 324. 10
339, 20
501, 7
07, 20

Stoici 54, 8. 21. 414, 20. 415, 25. 548, 7.
11. 13. 14. 549, 21. 1134, 23. 139, 22.

211, 20. 492, 11.
500, 11

stoici antiquissimi

Suetonius 110 institutione officiorum 231, 8
(u. add). 111 1111 pratorum 387, 23 (u.

add). lI 275, 14.
387, 2 (u. cedd.)

111 V 111 pratorum

Sulla 111 uicesimo primo reruni suamm

476, 4

Tarrhaeus, Lucius 11 407, 2

’11.-1011110008 Maurus 183 11 10, 25
234 11 10, 27
283 305. 14
1352 228, 9

2228 sq

q. 11 410, 10

Τ1ϊ(·1111115 220, 15. 11 418, 2. 8. 421, 11.

425, 15

, 111 Aah-lphis prol. 1 seq.

- 11 422, 30

11 300,12
1 1, 1 sq. 11 422, 33
2, 4 sq. 11230, 27

30 50, 7. 11 38, 21
37 414, 21. 480, 0.
11 320, 1
38 11 271, 4
50 sq. 11 143, 12
72 478, 24
111, 14 11 104, 3. 285,
18 40, 10
21 11 243, 11
40 505, 24
2, 8 11 322, 2
4. 4 sq. 11 11, 0
5 11204,15.303,8

