596

14, 18. 16, 13. 142, 29.
144, 21. 171. 15. 173,17.
175, 12. 176, 13. 177,13.
181, 19. 198, 20. 290, 7.
449, 17. 20. se 32, 10.
sese 592. 6. 596, 12

suilla 80, 5

suiuus 80, 4

sulfur ll 524. 7

sum 414. 14. 419, 21. 455,
5. 568, 8. 11327, 18. 450,
20. eus ll 239, 7. 506,
10. est mihi nomen 11
360, 12

summatim 11 58, 4*

suo 434, 4. 459, 25

supellectilis 279, 5. 325, 1

supellex 279, 5. 325, 1. 11

super ll 31. 15. 45, 26. 54,
25. 313, 2. 354, 19. 371,7

supera 11 55, 23

superbiter Π 71, 3

supet-‚bus 11 56, 3

ευριπ-1111113 11 12, 6

superior 83, 9. 85, 12
sugssrlatiua 86, 1. 94 14.

13 98, 3. 99,.1 11215,

17. 218, 29.

ξὲῗὲἒὲηξὲἔῖἰξῖ ιι 274, 15.
¹ ν

superus 118, 21. 1156, 3.
superi 83, 11

supina410, 13. 411, 10. 412,
17. 425, 20. 450, 1. 475,
18. 480, 14. 483, 2. 486,
26. 487, 17. 488, 2.12.
490, 17. 492, 4. 495, 13.
497, 14. 498, 11. 22. 28.
501, 4. 502, 8. 14. 504,
28. 507, 10. 510, 4. 511,
22. 512, 23. 513, 19. 519,
3. 525, 5. 526, 1. 5. 527,
18. 528, 1. 7. 530, 1. 531,
24. 533, 16. 536, 1. 537,
19. 542, 17. 545,12. 559,
25. 573, 27. 11 233, 7.
2359 7. 278, 4. 324, 7. 454.

supparum supparus 169,17

suppleo 488,18

ειιὲἓΙι6Χ2 340, 11. 354, 17.

supplico 11276 17. 316,19.
354, 8. 366.15

supra 11 30, 2. 26. 46, 16.
55, 23. 84, 10

supreme 11 80, 7

supremus 99, 5. 1156, 3

surdas ter 114, 15

surgo 411. 9. 523, 10. Il
508. 24. 513, 26

sursum 34,11.1157,14.

75, 14. 84, 12. 138, 24
sus finita nomina 138, 15

s1s26510.19. 326,9. 11
445, 31

suscipio 34,11

suspicio34, 1.3 435, 6. 562, 11

suspicor 34, 13. 436, 4. 11
274,17

susque deque ll 59,10*

sustineo 11274, 14. 374, 1

‘sustulo 419, 7. sustuli 34.
11. 419, 7

susum 34, 11

Suthul 147, 19

sutor 434, 4

suus 597,16. 11 170,5. 171,
13. 173, 7. 198,

σύ 24,10.114, 262492. 27.
σοῦ σοῦς 11 3,1. σέθεν
187, 12. 113,'13. 287,11.
418. 23

συχνός 11 360, 22 (u. add.)

συγγενής 11 286, 10

συέγὸώμὲἳη 34, 17. 11344, 3.
5

συκοφαντοῦμαι 385, 3

syllaba 44. 1. 53, 13. ll 114,
2. 519, 12. eommunis 11,
18. 23, 8. 45, 11. 51, 27.
52, 3. correpta 11521, 5.
expletiua Il 479, 29. lina-

lis 11 112, 3. longa 10, 4.

52, 18. postpositiua 11112‚
1. principalis 45, 22. pro·
dueta ll 521, 8

Σύλλας 143,

συλλέγ ω 11 ’517 4

mm ηψις 11 183, 21

συλῶη 11 360, 15

συμβαματα 11 211, 20

συμβουλεύω 11 51, 3

συμμάχω 11 51, 4

σύμμαχος 24, 12

συμπαθεια 550, 5

συμ πλέκω lI 51, 4

συν 1138, 16. 50, 23. 51, 5,
359,10’

synaeresis 590, 6

συνάγω 11 375, 11

synaloephe 364, 16.11 5, 24.

synaliphe 11 421,10
syncategorema 54, 7 -
6. 1:333

13. 505, 19. 508, 8. 535,

5. 558, 20. 111112. 413,

35. 415, 16
συνδεσμος u. coniunctio
συνέμπτωσιςΙΙ 183, 23. 347,

συνίημι ll 360, 17

sutripio 499,12.11110,20 σύνοιδα Il 360,, 9

-lNDEX RERVM ET VOCABVLOR'VM

συῦτῗο8ῗ ε21892011,2 1155294181
“vfgssstf’ff‘ συντελέστρια
σύνθημα 11 497,19
8315611311255, 4

Syra lingua 20, 6. 148, 2
Syria 287, 3

συρράπτω 49, 18
συρρὲγνυ ι 49,18

συ ρρω 18. ll 51, 4
συρρη ’σσω 49, 18

Syrtis 328, 13. 358, 5

συς 265,12

συζυγία 11 429, 2

t littera 21, 6. 36, 15. 50, 24

t finita nomina 167, 8. 214, 5

tabella 110, 16

taberna 29,14

tabes 349,13

tabi tabo 188, 9. 189, 10.
3131651312

tabulae ceratae 6,13

tabulatus 442, 2 -

111663 taciturius tacitus 11 472,

taciturnus· 81, 13. 11 472, 10

taedeo 432, 12. 561, 10. tae-
det 561, 13. 11 158, 31.
230, 7. 231, 8. 232, 25.
329,13

taedium Il 231, 8

Taigete 142, 23

ταλαιπωρῶ 11 361, 9

talentum 11408, 22. 409, 12.
Atticum magnum 11408, 22.
409, 22. 410, 5. paruum
ΙΙ 408, 22. 410, 7

talis 575, 3*. Il 21, 12. 22,
4.128,l7. 132,9'. 3641
491, 23. 501, 21

talin 61· 11 132,10

tam 93,15

tamen 11 99, 13

Tanagrum 170, 5

tandem 11 75, 1. 88, 27

tango 22, 8. 373, 19. 438. 2.

, 20. 469, 5. 19. 497, 23.

524, 1. 14. 11 277, 3
tantillum 111, 10
tantisper 11 58, 1*
tantundem 595, 23
tantus 575, 4²⁸². 11 21, 12. 22,
4. 128, 17. 492, 1. 501, 24
taratantara 450, 6
tardiusculus 86, 4
Tartarus 177, 2
tautigenus 196, 6
Taurinaeus 97,16
Τιιιιὸἓῐιιίιιίιιιιι,79, 10 (u. add. ).
Taurominitanus 79, 10. 82, 6
I'aurominites 79, 10

