INDEX SCRIPTORVM

Cicero pro Milone(
1133ss
22, 59
29, 79

pm Marcello ἓξ

278, 21

ιι 350, 10. 372, 3
ιι 201, 20

410, 0. 420, 10
203, 14

04, 10. ιι 220, 5

7, 21 181, 12. 220, 4
8, 25 n 308, 10
pro Ligario 1, 1 11 101, 5
1, 2 ιι 100,17
3, 0 ιι 305, 14
4, 11 11 04, 17
5,.13 354, 21
5, 14 302. 17
8, 25 11 307, 8
pro Deiotaro 1, 1 11 368, 18
38 03, 18
0,17 ιι 103, 15
0, 24 73, 3 ·
0, 25 73, 0
11, 31 11 342. 10 ,
12, 33 ιι 273, 10. 325, 1
Philippicarum n 2, 4 ιι 300, 7 ⁸
10, 24 305, 3. 407, 21
14, 35 ιι 305,17
20, 71 401,17
33, 84 380, 5
38, 99 93. 6 (u. adei.)
v 11, 28 11277,10 -

VH 7, 20
Xlu 17, 36
Tnscuianarnml 5, 10
ll 2, 6
10, 24
111 19, 46
1111 6, 11
29, 62
29, 63
V 2. 5
20, 58
40,116 114, 15
de natura 1100111111 11 8, 22 105, 22 ·
32, 81 456, 4

345, 4
11 70. 10
470, 18
539, 6
542, 24
105, 21
591. ll
11 426, 5
246, 2
371, 10
371, 11

34, 86 432, 4
111 20, 51 259, 3

31, 76 299, 16
110 divinatione 1 28, 59 11 498, 5
dc senectute 15, 52 242, 19
topicorum 7, 30 367, 16
Ciceronis commentatores u. commentatores
Cinna in Smyrna 268, 20 ’
(1112ὲο1138 Caesar 33, 4. Caesar 15, 5 (ιι.

Quintus Claudius Quadrigarius 484. 7. ’111
11 annalium 393, 5. in 1111118101111111111
232, 15. 111 vl 1111111111 541, 12. 111 vull
1111111111 347, 7. 8

Comici 215, 18. 11 418, 16. Graeci uetu-
stissimi 11 418, 19 ,

Commentatorcs probatissimi Ciceronis 11

Corinna 28, 4*

533

Cornelius Seuerus in Vlll destant suo
546, 21

Cornificius in I dc etymis deorum 257, 6

Crassus u. Ninnius “

Lucius Frassns in legis Seruiliae suasione

Cratinus 11 376, 20. Θρᾴτταις 11 313. 16
ἐν Νεμέσει 11 195, l. Ὀδυσσεῦσι 11
377, 10. ἐν πλούτοις n 284, 8. iu
pm-‚una 11 310, 0. ἐν xvcim 11 378, 20

Curio 384, 13

Curio pater 385, 11 ’

Dardanus 11 408, 18. 409, 30
Demosthenes 11 299, 20
adu. Anclrot. 2 p. 593 R. 11 291, 2
dc corona 3 p. 226 ΙΙ 340, 5

10 p. 228 ιι 270,12.200,14
11 p. 220 11284. 17
10 p. 231 11200, 13
20 p. 231 ιι 370, 17
27 p. 234 n 351, 14
30 p. 235 ιι 301. 5
35 p. 237 n 317, 23
71 p. 248 11373, 22
107 ρ. 202 ιι 300, 0
180 p. 201 11284, 13
107 p. 204 ιι 320, 10
308 p. 300 ιι 180, 10
314 p. 330 11 342, 14.350,10

adu. Eubulidcm 10 p. 1302 11 318, l
dc falsa legat. 2 p. 341 11 351, 13 =
16 p. 345 11296, 12
23 p. 348 11 347, 8
27 p. 349
70 p. 363
167 p. 393
178 p. 397
181 p. 398
212 p. 407
226 p. 411
adn. Leptin. 10 p. 459
10 ρ. 460
30 p. 466 ,
91 p. 484
5 p. 515
Ι 5 p. 10
, 15 p. 13
111 lp. 28
7 p. 30 11318, 21
24 p. 35 11 370, 15
36 p. 38 11327, 5
adn-l’antuenet. l p. 966 11 172, 2
53 p. 982 11 359, 22
110 pace 4 p. 58 11 372, 8
l‘hitippicis 11 372, 11

ιι 311, 0
11 242, 8
11341. 25
11304, 3
11327, 18
11 358, 3
113133
ιι 288, 21
11285, 10
1137114
11 321, 8
11 180, 20
11300, 10

adu. Mid.
(Hyndn

Philippicarum
1 1 p, 40 11 371, 8
9 p. 42 sq. 11 342, 18
24 p. 46 11342, 21
39 p. 51 11 366, 19*
11 lop.68 11292, 22
12 p. 69 11 295, 20
16 p. 69 11282, 11. 301,12

n 280, 5. 208, 0 ,

11 279, 7. 295,10

