556 mnssx scmp'ronvm ’

Vergilius Aean-idos Vergilius Aeneidos

Vl 408 sq. 11 38, 23. 54, 27. 340, 9 V 11 573 sq. 11 361, 12

410 11:357, 12 605 217, 4

420 sq. 243, 13. 340, 13 618 sq. 11299, 17

4-11 ΙΙ 270, 28 637 11 497, 20

466 11354, 11 641 11:237, 12

405 sqq. 11 220, 23 653 sq. ΙΙ 299, 3. 343, 23

515811. 540, 3 660 sqq. 302, 2

517 220, 6 665 312, 9

540 360, 15 666 sqq. 11 318, 5

555 II 163, 6 682 333, 21

577 sq. 177, 0 710 134, 3*

586 571, 6 714 202, 5

625 sqq. 11 62, 4 715 328, 3

653 sq. 364, 12 717 202, 7

684 sq. 230, 24. 285, 18 ’731 157, 15. 316, 19. 342, 7

685 152, 20. 229, 21 742 164, 24

723 11 374, 4 756 sq. 380, 2

733 11 270, 25 807 402, 20

7515311. 759 11 238, 6 VIII l 11 406, 2

771 11 137, 2 11 348, 26

790 sq. 11 150, 27. 152, 27 27 355, 25

792 ΙΙ 142, 21 77 305, 17. 11202, 2. 208,

794 561, 20 ’ 5. 487, 17. 511, 32

803 sq. 11 113, 2 78 11 86, 4. 89, 8. 240, 9

812 314, 13 . 82 11 148, 20

825 sq. 337‚„2 114 ΙΙ 286, 3

836 561, 18 127 196, 14. 292, 11

843 62, 22 157 sq. 431, 11

844 ΙΙ 498, 21 185 224, 19

861 sqq. II 123, 6 190 ΙΙ 63, 28

861 585, 30 198 11 362, 5

871 sq. II 63, 22 214 543, 24

882 222, 9 215 356, 16 ’

VII 1 11 103, 16. 490, 29 217 47, 11. 357, 7

84 328, 7 (ec. add.) 233 164, 18 ’

90 sq. 11 333, 20 263 356, 18

109 sq. 236, 22 268 sq. 11 48, 16 ’

110 578, 36. 11 143, 1¹1. 500, 273 11 86, 18. 286, 14
31 313 300, 23

192 11 320, 23 331 sq. 327, 23

199 11 97, 19 340 sq. 416, 4

204 11 84, 26 344 216, 5

225 sqq. 520, 8 351 sq. 11 315, 6

246 sq. 11 375, 1·1 370 15, 13

261 11 215, 4 396 11 246, 10

261 sq. 150, 16 (ee. mica). 191, 396 sq. 11 256, 21
3 (u. adet.) 409 269, 16

263 II 500, 33 420 sq. 443, 26. 479, 24. 481,

268 11 213, 18 14. 521, 4

273 380, 5 423 26, 21. 11 64, 5

288 sq. 11 298, 2 433 sq. II 300, 23. 314, 2

290 11 319, 7 440 545, 4

304 sqq. II 163, 12 457 391, 25

307 11162, 16 460 217, 18 ’

341 11 35, 28. 67, 13 468 561, 5

382 142, 16 470 sq. 342, 26

400 11 138, 17 515 11 372, 19

410 68, 9 537 ΙΙ 313, 20

417 sq. 359, 4 546 11 195, 10

432 351, 22 ⁴ 556 sq. II 291, 17

517 149, 11. 223, 2 558 224, 21

524 38, 9 560 530, 23. 543, 21. 11463,

553 11 148, 10. 231, 12 32

