540
Lucanus Pharus-ul.
VI 562 527, 1
623 -113, 24. 479, 22. 481,
18. 521, 7·
vll 29 11 98, 22
98 11 50, 16
159 398, 6
162 sq. 346, 23

197 219, 17

312 sq. 11 193, 21
361 sq. 477, 4
389 sqq. 332. 6
394 II 498, 1
505 403, 20

1139311. 11 343, 9
335sq. 11 301, 24

826 sq. 11 334, 20

855 11 287, 20 .

855 sqq. 11 96, 18
vm 184 328, 21

195 72, 5

219 485, 3

332 sq. 11 27, 1

346 354, 19

358 349, 7

382 531, 9. 545, 16
ο 444 sq. 76, 26. 11414,4.416,1

49335. 11 233, 7
793 531, 6
Vllll 5⁸!1q· 11 217, 2 '
40 399, 8
256 223,9. 339,1-1. 11100,
515 sq. 248. 19. 338, 4
536 11 220, 8
626 219, 15
720 165, 16
732 217, 14
756 ’ 527, 3
806 sq. 11 215. 26
932 497, 26
X 121 42, 3

122 445, 3

112 152. 10. 259, 10
153 sq. 34919

137 259, 12

199 193, 5*. 11 273, 17

239 sq. 125, 2
2412 474, 14
350 234, 4
355 11 303, 14

332 11 229, 8
522 sq. · 277, 14
523 234, 4 ·

Lucilius 170, 17. 260. 20. 338, 7. 379, 16. ’

381, 4. 479, 15. 567. 17. 11 71, 2. 111
11 484, 11. 111111 209, 8. 501, 22. 512,
25. 111 1111 217. 8. 231. 23. 486, 20.
522, 17. 111 V 115, 9. 470, 9. 502, 20.
536, 10. 111 saturarum VI 203, 19. 111
vm 115, 16. 546, 14. 11111111 251. 14.
397, 25. 507, 1. 111 XI 231, 14. 111
XII 399, 15. 111 XIIII 215, 7. 535. 2.
111 XVI ad Fundium 88, 12. 111 xvll

INDEX SCRII’TOR VM

475, 25. 111 XVIIII 542, 27. 111 XX
486, 18. 111 XXIII 506, 24. 111 XXX

207, 4. 488, 24
Lucretius l 1 292, 18

27 444, 24. 527, 5
29 285, 7
70 sq. - 499, 8
84 sq. 285, 9
102 591, 10
269 591, 7
588 542, 19
720 27, 2
806 349, 22

11 155 sq. 401, 12
476 ⁶75, 3. 11 493, 14
586 sq. 249, 10
888 132, 21

. 111 156 445, 9. 474, 6

161 510, 1
796 sq. 528, 28
978 27, 4
984 27, 6

V 211 476, 24

VI 179 281, 18. 319, 12
290 152, 13
306 281, 18. 319, 12

876 sqq. 211, 20
929 sq. 4214, 14

Lycurgus ἐν τῷ περὶ τῆς ἵερειάς Il 346, 4.
adu. Lysiclem 11 299, 20*

Lysias ἐν τῷ περὶ τοῦ Διογένους 11 316, 7.
ἐν τῶ περὶ τοῦ Διογένους κλήρου 11335,
6. ἔν τῷ περὶ τοῦ Ἡγησάνδρου 2:2²5-
ρου 11 291, 12. 329, 12. ἐν τῷ πρὸς
Κλεόστρατον 11 340, 3. ἐν τῷ κατὰ Mt·

κίνου φόνου 11 298, 18. adu. Agorat. 18
p. 455 Ιι. 11333, 11. 5312. 431 11 397, 7

Macer, Pompeius (ζ’) grammaticus 13, 9

, Macer, Aemulus iu XVI annalium 525, 3

G. Macer, Licinius 111 1 1111111111 243, 2. 111 11
227, 1. 266, 23. 11 8.·8. 111 XVInn-
nanum 525, 3* (u. add). or. pro Tus-
cis 532, 24

Maecenas 111 111-1311111111 536, 6. ι

Marcellinus rernm gestarum XIIII 487, l

'Marcellus ιι. Nonius

Mursus3 Domitius 168. 16 ’
1131119113 epigramm. 1 ἐξ, 1 sq. 2311, ἔὶ

95, 3 267. 16
111 12, 1 515, 25
77, 5 212, 9

Cn. Mattius 275, 25 (ιι. add). 111 Iliade
334, 19. 111 XXIIII Iliados 478, 12*

Maximus ιι. Fabius et Valerius

Menander 11 299, 4. 327, 2. 332, 2. ἐν
τῇ ἀσπίδι 193. 2* (ιι. ach.). 111 0111·-
1111110 240. 2 (ιι. add.). ἐπικλήρῳ II 345,
11. ἐν ἐπιτρέπουσιν 11283, 15. hecm-
toneimorumo Il 316, 6*. κυβερνήταις
11314, 23. 111 misogyno 11332,6. μι·

11113311 115²: ῃΝ1111113131ξ113 1111 ὃῖιῗιὶιίἳιὲιο qua apud

