562

0011118160,17. 169,18. 345, 16
aino 51, 26 (ιι, add.). 374,
20. 11 107,
277, 16. amans 550, 22.
1114821. 217, 13. 464,
29. 48⁹8, 1. amandus 138,
2. 563, 6. 11 464, 11
amolior 11 280, 13
amor 524, 1
amoueo 11 277, 7. 280,
ἄμπελος 531, 22*
ἀμφί 11 41, 20
0οΨ0101801138 275,14

13

, 0111Ρ1111081 rus 224,14

ἄμφω 20, 18

amphora 156, 6. 292, 17

33323353333'036

amplector 379, 5. 393, 8. 436,
9.567,19.0111Ρ1001.12515

amplexo 393. 5

amplexor 393, 5. 381, 3.

amplifico 402, 3. 434, 28.
440, 18

ampliter 11 58, 3*. 59, 3*-
8*. 71, 2 ·

an finita masculina graeca
313, 3. nomina graeca
216, 3

an 11 101, 9

ἄν 11 100, 5. 251, l. 253,
1. 255, 28. 265, 2

&voi 11312‚ 24. 413, 27

αναχωρῶ 483, 26

0233· 3333133 33, ⁴33
464, 13. οἱναγνωστέος
563, 6. 11464, 13

Anagninus 81, 23

αναγνῗσιὲὃ 31 3133, 26

αναι ω

oivartum} 11 434, 1

angor 513, 12
anguilla 106, 10. 115, 13

18*. 270, 25. anguis 12, 15. 160, 17. 3463

angus tus 140, 4

anhelitus 25,10
Α111011208, 1

Auienus 75, 20

animal 123, 15. 11 523, 7
Annalis 335, 18
anniculus 11 416, 22
annulus 138, 9 ·

annus 504, 2-3. 11 273, 2

“ annuus 136, 6. 11 416, 22

ἀνοίγνυμι 406, 22
ans finita nomina 319, 7
anserinus 80, 25

Αντας 239, 6. 11443, 25
ἃντανακλασμός 585, 5

ante 11 26, 10. 40, 16. 46,
156, 1. 330,

12. 107, 5*.
6. 528, 34
antea 1140. 19

anteeo 11 40, 17 ·
anterior 85, 13. 99, 15

antepaenultima diminutiuo-

rum correpta 106, 3

antelucanus 76, 20. 78, 17

antesignanus 77, 19. 11 497,

antestor 379, 6. 382, 2
Anthas 239, 6
ἅνθρωπος 146, 8
Antias 155, 22
ἅντιβλέπω 11 298, 1 ·
antidhac 59, 8* (u. add.)

ἅντικαταλὶάττομαι 11 296, -
,ἆνωνῦμία 575, 5*

dvltffuy ω 11 42, 2 ’
Antinous Antinus 272,12
Antiochea Antiochia 73, 3
Ἀντιφάτης Ἀντιφατεὺς 277,
amlighmsis 11 494,19

analogia declinationis 166, 8 α’ντιποιοῦμαι 11 167, 6

α’ναίιιμνήσκω 11280, 6. 298,

anapaesticurn metrum 11459,8

anastrophe 594, 15. 21. 595, 3

auceps ·29‚

An212i27131a260s66,9.11155,19

.aneho 34, 21

ancip es 325, 6

Auclides 67, 9*

11111101· 391,1

{impiissimos 153, 19*

ἀνδρακάς 11 465, 36

Ἀνδρόγεος Ἀνδρόγεως 255,
13 (ιι.- add..) Androgeo

..3333‘3‘3 333, ζ’. 203 1.

“1333 {33⁹3 ¹⁸

111111ἓο 34, 21. 525, 15

ἄντίπτωσις 11 184,1
antiquarius 11 40, 23

antiqno 433, 21
antiquus 11 40, 23

19. 341,12. 11 antiquorum Romanorum mos
. dicendi 6, 13. 13, 5. 25,

15. 23. 26, 18. 27, 17. 29,

6. 35. 8. 15. 36. 12. 37,
39, ll. 81, 6. 84. 5.
89, 6. 98, 9. 110, 17. 148,
24. 184, 12. 189, 2. 208,
1. 209, 17 *. 220, 13. 224,

10.

15. 229, 1. 239, 10. 245,
258, 13. 273, 20. 279, 13.
280, 15. 280, 3. 297, 18.
303, 4 (u. aaa). 308, 23.
326, 25. 350, 11. 351, 2.
354, 7. 379, 2. 390, 10.
419, 7. 8. 421, 1. 432, 10.

13. 256, 3. 257,

⁸25.

INDEX RERVM ET vocABvLORVM

433, 2. 452, 24. 459, 0.
404, 20. 471, 2. 480, 22.
481, 2. 517, 3. 523, 16. 23.
528, 21. 536, 16. 543,10.
557,.17. 570, 3. 573, 3.
574, 8. 593, 6. 595, 1.
11 10, 15. 30, 3. 39, 15.
55, 24. 74, 11. 75, 19.
80, 5. 10. 104, 23. 122, 10.
228, 19. 400, 34. 407, 10.
408, 13. 475, 37. 481, 32.

“ 486, 12. 497, 6. 502, 33.

500, 10. 507⁹ 7 514’, 28.
consuetudo antiqua 15, 6.
antiquior usus 197,14.5'71.
11,5,ἃ1111111298121131)Γ21Ῐη2ἷιωέιῖῗἱ
25, 16. 35, 2. 95, 18. 97,
8.129,2.155,14.190,.4
198, 7. 199, 17. 203, 16.
210, 15. 21⁷2, 4. 231’, 1.
282, 12. 301, 20. 312,11.
333, 9. 367, 9. 377, 16.
393,11.420,11.432',1i.
475,20. 546, 1. 566,13.
594, 20. ll 8, 2. 277, 22.

·481, 11. 486, 6. 528, 19
(u. ueterum usus)

ἀντίρρησις 11 42, 5

antisigma 33, 4 (ιι. add.)

antligpasticum metrum 11 459,

antistes antistita 157, 11
Antoniaster 101, 22. 112, 20.
114,15.127,14

anulatus 139, 7

anus 268,11

anxietas 128, 7

ἀνύεσθαι 381, 2

nimivm 448, 19

ἆωριστῶδες μόριον 11 127, 2
Ξξῖἓῖἔῗῷὲΐσὲεζέῗ '4⁶ 11 464,
ἀπαλοιφή 11 464, 17

απαξ 11 88,14

ἀντέχομαι 11 299, 9

Apelles 215,1 ·
ἆπελθειν 11'283‚ 6. 302, 6
aper apra 233, 12

aperio 400,15. 435, 6. 540, 5
apes apis 241, 18

apiaster 127, 10

apicula 107, 13. 242, 4
2829338313ἒὲ ¹⁰
31ξῖῗὲτῇ gg 5¹⁸¹.
ἅφαιρέω ΙΙ 280, 22
ιξφᾶτως 11 75, 7
ἄφίστημι 11 283, l. 300, 22
ἀπό 1148, 28. 84,8

63,10

