532

cicero in Verrem

act. sec. 1 50, 140
50, 147
57, 149
57, 150
58. 153

59, 154 11 258, 18. 22. 259,

00.155
00,150
00,157

INDEX scmvmnvu

11 263, 15
11 258, 11
11 258, 1
11 258, 12
11 258, 15
307, 2

4. 263. 10
11 259, 7
11 259, 11. 15
11 259, 19

61, 157 11 259, 23

11 6. 18

380,7

12, 32.33 344, 21

2ι,52
23,00
32,73
42,104
40.ι22
52,130
54.130
57‚141
60‚148
ι]ιι4,30
13,47
19,43
2ι,54
22,55
29.70
33,77
46,111
47,112
57,132
70.101
70,133
11u.2,4
11,20
12,28
14,32
17,34
20,42
21,47
33,33
45,00
40,102
48‚87
50‚110
v 7.15
18,45
22.57
42,103
47,124
50,ι32
52.137
52,133

27,74
34,94
, 33,105
44.124
57,153
02,173

487, 13
247, 15
426, 11
490. 13
307, 4

11 414, 10
199, 6. 247, 12
11 250, 5
n·250‚9
339, 5
534, 14
343, 21 “
307, 7
220, 20
307, 9

11 348, 12
307, 15
307, 11
302, 1
341, 10
199, 11
361. 5
520, 20
357, 4
495, 18
357, 0
114, 20
105. 1
215, 4
157, 11
350, 15
339, 4

11 309, 12
220, 18
344, 7

11 338, 17
221, 2

11 352, 20
11 107, 18*
350, 10 .
355, 9 (n. aad.)

de imperio Gn. Pompei 17, 52 489, 12
pro Cluentio 16, 40

348,20

307, 18 (ιι. aad.)
280‚8 -
105,5

303,0

377,5

520,2. 522,24

in Catisumm l 1, 1

111,1

1111 1, 2
6, 12
6, 13
pro Murena 8, 17
9, 19
9, 20
12, 20
14. 31
23, 61
35, 73
36, 77
41. 90
12, 29
20. 45
33, 72
38, 83
14, 34
17, 40
25, 59
27, 66
29. 70
” 35. 85
pro Plancio 21, 51
26, 63
33, 80
33, 81
40, 96
41, 97

pro Sestio

pro Coelio

ἱιι Pisonem

Cicero pro Cluentio 0-1, 180 113, 18

65, 184 11 216, 25

70, 199 206, 14
410,11. -111‚7. 425.

20.1130,1.ι30,0.
233, 23. 320, 14.
303, 17

u 30,7

ιι 32, 12. 109, ιι.
157,15

n 315.20

u 310.3

u 44,23

u 246‚10

u 437‚33
ιι238,4

n 330,ιι

u 295‚1

u 32,ss

379.1„ 11274‚12
u 82.19

u 24ss,12

n 200,20

n 32,20

ιι 207, 9. 249, 17.
275,11

ιι 240,24

n 246,15

n 318.2

503. 2. ιι 231, 10.

297, 15. 333, 27
593,3
η 237,23
u 37,21.277,ιι
ιιο1,110.3ιι7.
90.0
583.18
n 30⁴‚17
250‚3
330,20
401,13
301,14
u 233,7.302,0
n 74‚21
221,3
307,10
592,2
343,14
345.3
353,5
107,9
70,7
ιι 217.13. 437, 35
439.15“
100,5 -
100,4
473,7
473,ss
108,18
335‚20
341,4
527,22
345,2
345,3

