Vergilius Aeneidos
VIII 591

597
616
625
637 sq.
648
664 sq.
677

989
698
699

VIIII l

INDEX SCRIPTORVM

195, 22. 333, 18. 11185,
22. 201, 24

134, 5. 1140, 23. 291,15
297, 9. 11 54, 8

538, 18

95, 4

04, 18. 11 482, 0

518, 8

443, 29. 415, 5. 479, ’

13. 480, 2

330, 9

292, 13. 11 472, 29
1140, 19

217, 0

340, 5

11499, 33

207, 15

223, 11
37,19.285,1.11221,17
359, 18

11309, 8

q. -11 315, 9

353, 22

qq. 11 243, 2. 19
q. II 90, 2

219 sqq. 11 245, 24
211 11 247, 3
214 sq. 11240, 21
2493q. 411, 24
254 sqq. 1179, 5
281 sq. 593, 7
371 11393, 19
378 11 339, 4
398 11314, 9
403 11 104, 20
413 · 11501, 30
418 11 188, 12. 315, 19. 317,
427 11109, 7
447 315, 1
408 sq. 345. 19

477 sqq. 11 195, 13
514 11 55, 9
525 290, 7. 424, 6
537 520, 6. 522, 20
557 sq. 308, 6
588 sq. 517, 14
602 11 341, 12
609 11 301, 8. 343, 6
647 sq. ΙΙ 302, 3
653 sq. 66, 3. 288, ll. 11482, 9
661 sq. 11 216, 13
680 11 31, 28
685 11 216, 11
716 297, 13' ’
730 328, 9
762 328, l
767 11 93, 23
774 sq. 299, 9
785 91, 1
815 sq. 11359, 18
X l 11 504, 2
31 11 52, 22

⁴

XI

557
Vorg'111118 Aeneidos
X 67 314, 9
129 297, 15

137 sq. 11 214, 2
149 11 353, 18
163 11 237, 12
166 335, 24
172 sq. 11 345, 21
179 71, 5

“ 183 134, 3

199 299, 15

207 77, 1

207 sq. 11414, 5

210 sq. 11355,3

213 11415, 23

220 330, 11

228³q. 287, 21. 11 147, 19.
210, 22

254 sq. 197, 13. 395, 19

295 295, 17

310 11497, 22

300 sq. 1183, 2. 130, 21
391 399, 11

394 399, 14

411 339, 21

432 480, 7

445 308, 9

479 sq. 11 199, 22

507 11 90, 21

515 sq. 225, 2. 300, 19

534 11 279,' 1

511 574, ll

548 1179, 16

586 sq. 328, 7

597 1138, 8. 85, 23

628 sq. 11 284, 10

038 sq. 395, 20

611 399, 3. 530, 26. 513, 28.
11 493, 34

662 11 91, l. 148, 19

662 sq. 11 68, 3

664 II 193, 10

668 II 191, 19. 466, 6

677 358, 9

681 sq. 11347, 3. 359, 7

727 sq. ⁶103, 4. -171, 5

752 sq. ΙΙ 293, 14

786 sqq. 238, 11

708 sq. 11 303, 16

846 sq. ΙΙ 102, 6

892 sq. 241, 23

1 11 507, 20

41 sq. 11119, 1
. ι17 sq. 359, 14
59 11. 01-13. 78, 17. 79, 0.
70 sq. 113128, 9. 319, 27
97 239, 17

101 222, 8*

121 1143, 3. 173, 4,

120 11 101, 11. 192, 24. 310,
11. 319, 12. 329, 2

133 223, 22.

135..-q. 199, 9. 207, 11. 339, 8

