INDEX scnw‘ronvM . -555

Vergilius Ama-idos Vergilius Aeneidos

1111 320 sq. 1131, 24. 345, 3 V 374 527, 14
325 sq. 389, 20. II 301, 25 380 153, 2
327 sq. 11 99, 14 414 11 195, 19
333 sq. 11 1-18, 27. 291, 3 425 470, 7. 530, 8. 538, 9
335 11 280, 3. 295, 21. 298, 432 100, 8*
14. 328, 2 438 11313, 10
350 85, 10 441 543, 20
307 478, 5 449 11 78, 7
308 395, 18 450 245, 7
373 11 377, 0 403 245, 9
373 sq. 11309, 21. 315, 12 407 1157, 4
375 47, 19 50089. 1149, 18. 321, 21
408 sq. 11 153, 14 501 11 91, 15
410 11 41, 0. 55, 3 529 sq. II 354, 4
419 11 307, 2 540 249, 21
433 242, 17 501 sq. 288, 0
404 353, 3 050 11 203, 10
407 sq. 11283, 7. 302, 7 744 223, 13
492 sq. 11 103, 9. 208, 29 798 II 97, 13
520 sq. 314, 3 801 sq. 390, 2
5093ᾳ. 112’18,2.280, 10 Δ 808 sq. 00, 17
593 sq. 11 113,18 820 sq. 515, 11
594 11 190, 14 827 sq. 11 139, 14
590 sq 449, 3 840 579, 0. II 203, 13. 291,9
61)1sqq.11 252, 5 850 285, 10
000 504, 12 vl 1 II 484, 10
028 II 322, 7 13 11 303, 21
050 II 307, 11. 310, 11. 20 sq. 04, 15
305, l 20 297, 5
001 sq. 11 192, 21 27 209, 12. 310, 4
079 589, 10 30 sq.11 247, 11
V l II 480, 13 37 II 143, 0
10 11 40, 10. 309, 28 583q.1132, 4
13 11 95, 11. 104, 9. 138, 02 11266, 13
7. 285, 11 82 II 34, 14. 309, 22
15 11 401, 30 90 II 404, 30
29 359, 1 · 95 11 00, 10
383q. 287, 9 119.l2lsq. 11 245, 17
39 353, 17 101 sq. 11 249, 13
45 300, 18 105 470, 10
52 170, 17 179 11 231, 14
01 sq. 11323, 2 187 sq. II 80, 0. 240, 11. 243,
100 sq. 477, 7 8. 289, 17
125 sq. 11 82, 3 203 II 55, 5. 373, 14
132 sq. 480, 1 . 204 11 509, 31
130 sq. 375, 3. 11 221, 3 244 394, 18
l 10 540, 24 252 11 320, 2
142 sq. 38, 13 , 208 11 51, 10
111 11 410, 32 270 sq. 11 54, 12
159 395, 15 274 11 480, l
18011321, 3 280 sq. 304, 19
188 sq. 344, 15 289 230, 8
105 11 99, 7 302 580, 5
211 335, 11. 300, 3 304 92, 13
247 359, 3 307 308, 21
279 409, 13. 538, 0 321 11331, 18
282 11 208, 15 334 327, 21
285 11 285, 20 ‘ 350 471, 27
301 92, 7 351 ΙΙ 331, 20
321 sq. 11 195, 3 357 11351, 18
’131 sq. 485, 5 372 11 319, 23
:343 11:314, 0 400 329, 19
358 11 271, 2 405 ,ς’ᾳᾳ. 11 99, 22

