INDEX Scml‘TORVM 540

2, 14. 160, 8. 174, .
7. 207, lo

Terentius in Hecyra

111 4, 7 34⁴, 153

Terentius in Eunn‹·ho 18 247, 20 (ιι. adel.)
1111 3, 24 11 507, 7 5, 15 428, 20
4, 2 ’ 11 74, 1 1111 1, 10 450, 17
10 11 8, 22 57 . 531. 3. 544, 6
13 11 73, 10 4, 10 39. 288, 22
26 11 316. 8. 368, 15. V 2, 3 238, 2
376, 16 3, 38 257, 23
20 sq. 11 81, 12 in1'1101·m10nepr0l.lsqq, ΙΙ 423, 16
31 11 0, 11 11 11 76, 25
34 11 318, 12 31 1104,10. 500,11*
40 . ΙΙ 318, 14 1 l, 139. 11 423, 20
46 11 81, 16. 284, 1 2 108, 16
48 n 73, 22 7 11 00, 4
6, 639. 11 208, 21. 352, 22 2, 17 39. 407, 6. 11328, 10
12 11 376, 0 1039. 11 255, 23
16 578, 24 27 39. Il 356, 13
18 11 00. 25 36 47, 13
20 11 101, 3 38 11 100, 18
7, 4 345, 6 3839. 11 26, 24
8 39. 486, 3 30 11 463, 16. 514, 23
21 11 194, 12 4339. 11 04, 5
45 260, 10. 310, 2 48 11 42. 14
V 1, 7 286. 10 40 302, 18 (u. add.)
21 11 180, 5 71 39. ι11 257, 6
2, 45 11 228, 30 73 11 280, 23
3, 10 39. 11 244, 21 07 39. 11 130, 3
4, 1 11 325, 13 3, 2 258, 3. 11 188, 3
26 11 204, 12. 303, 6 5 11 60, 18
5, 5 378, 25. 11274, 10 4, l 152, 5. 335, 6
16 39. 11 73, 5 20 11 283, 18
6, 1 399. 107, 21 26 11 306, 1
3 11 7, 16 32 11 455, 30 ·
8, 2 11 340, 8 42 300. 10. 537, -1
in heautontimorumeno prol. 139. 11 423, 6 45 11 280, 14
2639. 308, 12 51 ΙΙ 415, 2
1 1, 15399. 400,-1 11 l, 18 385, 13. 567, 15
2, 839. 344, 10 10 158, 8
20 360, 12 40. 42 11 05, 6
11 3, 139. 11 323, 8 71 11 60, 3
30 11 7, 14 73 11 337, 10
3039. 107, 18 2, 13 39. 11 137, 0
44 399. 268, 11. 363, l 15 11 332, 9
50 11 20, 28 20 84, 17
103 11 81, 6 3, 4 39. 11 375, 4
110 1160, l* 1639. 1165, l
111 1, 51 520, 23 27 487, 11
1111 1, 0 400, 20. 56 11 354, 1
3, 30 · 11 20, 28 71 11 07, 0
5, 3 503, 15 82 11 327, 20
, 21 428, 5 4, 14 ' 11 170, 18
6, 0 402, 3 111 1, 10 11 62, 14
20 401, 22 2, 10 11 340, 4
8, 239. 500, 3 16 302, 18
- V 2, 8 11 40. 0. 208. 7. 35 361, 20
300. 13, 351, 20 40 sq. 11 312, 8
41 500, 18 42 11 235, 18. 243. 6.
· 4, 4 355, 6 244. 10
5, 21 247, 10 46 11 135, 20*
in Hecyra 1 1, l , 11 423, 13 3, 8 11 400, 31
2, 63 39. 484, 18 1639. ΙΙ 455, 26 ι ,
102 104, 14 30 11 320. 17 Ἴ
111 3, 11 533, ll (u. adel.) 1111 1, 21 583, 13. 11102, 4 ι

fl

