576

406, 20. 408, 1. 18. 409,
8. 9. 12. 410, 19. 414, 14.
415, 24. 416, 14. 419, 22.
420, 2. 423, 13. 427, 19.
431, 15. 20. 432, 21. 434,
2. 7. 436, 14. 440, 13, 14.
442, 18. 23. 25. 445, 14.
446, 7. 451, 11. 507, 21.
550, 5. 8. 551, 7. 568, 18.
577, 10. 580, 14. 581, 16.
22. 27. 2, 2. 583, 10.
586, 18. 23. 589. 12. 590,

592, 10, 596, 6.112,
303, 1)424 6208
22. 11,27, 12, 2, 14,9.
13. 16, 16, 18, 7. 25, 17.
21,28’26,7.27,4.’28,
19.-29. 29,.930,9,25.
31,21,“32, 10.33,7..15
26. 34, 6. 35, 14, 36, 24.
39,,926, 41,1.42, 7. 23.
43, 7. 44, 5.17. 45, 2. 22.
49, 13, 51, 2. 11. ’22. 52,
·1. 16. 53, 2. 4. 56, 4. 18.
73, 15. 74, 28. 75, 25. 88.
13. 21. 90, 6. 13. 100, 5.
107, 3. 108, 2. 118, 22.
119, 23. 120, 7. 122,14.
124, 21. 125, 7. 127, 13.
139, 26. 141, 8. 143, 27.
164, 7. 168, 11. 169, 9.
171, 9. 174, 25. 175, 22.
176, 14. 177,17.19, 179,
l. 6. 181, 17. 26. 183, 21.
186, 14. 187, 13. 194, 5.
201, 11. 205, 25. 206, 10.
214, 14, 219, 2. 19. 221,
9. 223, 11. 225, 11, 226,
22. 228, 6. 229, 17. 230,
28. 231, 23. 233, 8. 26.
237, 6. 238, 13. 239, 5. 16,
241, 27. 242, 14. 243, 1.
244, 18. 246, 12. 249, 13.
251, 1, 257, 5, 267, 10.
270, 14. 271, 26. 276, 23.
285, 4. 287,10,16.291,
2. 295,18, 343, 18. 347,
6. 348,17. 354, 23. 355,
6. 362, 16. 366, 9. 405,
12. 406, 24. 407,.11. 409,
4. 412, 22. 413. 7. 24. 418,
21. 419, 33 431, 30. 432,
3. 434, l. 437, 32. 34.
443, 23. 444, 22. 445, 16.
21. 449, 21. 454, 4. 455,
24, 465, 35. 466, 3, 467,
12. 471, 20. 472, 20. 476,
13.29. 478,18. 482, 23.
490, 21. 491,18. 492, 26.
496, 25. 498, 7. 501, 28.
502, 24, 505, 22. 32. 506,
5. 520,18. graeci antiqui
1, 11.11407, 1. antiquio·

rse 335, 5. antiquissimi

9, 31. 11, 1. 35, 24. do-
ctissimi 19, 6, 213, 12. in-
niores 11 15, 24. ueteres
11, 7. 11126, 8. uetustis-
simi 37, 1. 11406, 2. 492, 8

graecisso 431, 25. 433, 16

graecor 431, 25. 433, 21

Graeculus 103. 2

Grag'gessus 144, 5, 196, 16.

grammatica uetustissima 1, 6

grammaticus 434. 6

grandis 11 479, 16

grandiusculus 11496, 27*

grando 11 479,16

γραφ φή563, 3. 11464, 18

γραψουσα 563, 3. 11 464, 18

gratia 11 366,11.
ago Ι[ 376, 7

gratificor 401, 21. 435, 23

gratulor 404, 15

gratus 139, 4

granis 11479,⁴ 11

grano 11 479, 16·

gmuor 11 284. 10

grauida 11 479, 16

grego 431, 25

grex 169, 12. 278, 3

grus 141, 18. 265, 10. 16.
326, 9. 11 445, 31

gubernator 20, 20

gummi 145, 13

gunger 26, 26

gurgulio 145, 17

gusto 11 277, 3

guttatim 11 59, 3*

guttur 155, 7. 170, 2

Γυγής 244,17

γυμνασία 2'56,10.11444‚ 32

γυναικεῖον 71, 9

gratias

h littera 8, 22. 12, 20. 13,
9. 35, 24. 48, 22.11406, 12

habena 11 490, 14. 521, 37

habeo7,4. 132, 20. 437,29.
438,18.11·’274,14.’327,
18. 490, 26

habilis 132, 20

habito 11 315, 5'

habitus 11 456, 31

haeres 491, 19

halitus 25, 10. 11 525, 12

Halice Hatriensis 133, 16

halo 570, 5

hamus 7,14

Hannibal 11 523, 8·

harcna 11 521, 37

harenosus 138, 22

harundo 123, 7

Hasdrubal 11 523, 8

hastatus 441,15.562,17

haurio 373, 3. 461, 21. 502,
12. 540, 3 ·

INDEX RERVM ΕΤ VOCABVLORVM

hebgs 156,14. 240, 13. 342,
Hebraea lingua 148, 2
Hector II 523, 25

Helio! Il 523, 13
hendecasyllabi Phalaecii 16, 15
heia 11 138, 14

Heliconium 587, 21,
hellenismus 349, 1

hem lI 138, 15

herbidus 137, 13

Hercules 27, 13 (ιι. add.)

Hercules 27, 3. 29, 6. 11
524, 15 o
here 11 59, 2¹⁸¹. 5*. 71, 19

heres 243, 8. 11 524, 16. he-
redem ex asse faeere 192,
19*

heri 11 71, 19. 198, 1

Herinl 11 523. 14

Herodes 245, 15

heros 255, 1

hesternus 81, 3

heterocliton 357, 11 .

heu 11·73, 14. 91, 27

heus 11 12, 8. 65, 15, 138,
14. 197, 10

hexametrum heroicum 17, 1.

lligxameter iambicus 11 418,

hexaptota 188, 19

*matus 17, 10. 10. 35, 10. .

87, 11. 303, 17. 356, 3

hiato 428, 12*

Hiber 233, 19. 234, 4. 294,
20. 205, -1. 11 523, 29

hibernus 81, 15

Hiberus 233, 19. 295, 2

hio pronomen 577, 19. 579,
18. 115, 21, 6, 19. 10, 15.
21, 12. 31, 7. 120, 4, 124,
17. 127, 1. 139, 17. 142,
17. 30: 147, 8. 198, 17.
449, 29. 500, 26. hicce
592, 18. huic 303, 14.
116528,18.1ιί illi 11364,

hic aduerbium 11 63,19

hiemo 433, 23

hiems 320,13.11526,15

hilum 215, 7

Himella 202. 5

hio 428, 12. 429, 3

Hippotes Hippotades 66, 7 .

hirudo hirundo 127, 3

h'imndiuinus 79, 20

hirsutus 562. 18

Hispana 11 522, 25 ,

. Hispanus 11 476, 7

hisco 11 471, 9
Histrum 17o‚‡4
hiulcus 14, 20
hoe huc. 11 64, 7

hodie 24, 6. 1171, 17. 528, 24 ·

