538 'mossx scnwwavn

luvenalissat.1119, 140 xq. 274, 4 , . nion 488, 14. erotopaegnion iu 1111560,

1111 10, 25 sq. 375, 25 22. 111 V erotopaegnion 536, 16 (u. adast).
58 330, 5 111 polymetris 258, 12. 111 Iliadis secundo
61 521, 9 502, 24*. ‘
81 11 358, 21 Aemilius Lepidus Porcina in oratioue uti
123 296, 18. 590, 12 lex Aemilia abrogetur 474, 20
. 143 sq. 315, 4v Licinius ιι. Macer
150 217, 16 Liuius Andronicus 210, 7. 231, 11. 269,
152 328, 19 6*. 538, 11. iu Odyssea 96, 5. in Odys-
157 1189, 5. 153, 19 sia 198, 8. 11. 13. 208. 20. 231, 9. 232,
174 387, 12 ,2 (u. add). 301, 20. 305, 8. 335, 2. 419,
174 sq. 402, 6 14. 469, 16. 482, 12. 111 1 Odyssiae
177sq. 376, 3. 484,21. 321, 7. in 17151, 111. in siren«, 302, 1* ‘
11 269, 18 T. Liuius 382. 1*. 11 286, 22. 323, 1.
204 sq. 544, 9 . 365, 10. 111 xm 11611, 5. ab urbe cou-
277 376, 6 dita xvll 11 44, 25. Lvl ab urbe con-
278 sq. 344, 18 dita 11 344, 5. in centesimo quarto de-
, 280 sq. 570, 12 cimo 146, 18. 111 cxl! ab urbe condita
11, 12 87, 22 213, 14. 18. 214, l. in CXII! 214, 3.
28 340, 21 iu cxvii! 477, 2
39 sqq. 273, 16 1 21, 31 260, 8
44 11 50, 18 31, l 503, 14 x
54 sq'. 389,19.11361,22 x 111 43, 1 11 72, 3
60 sqq. 11 152, 2 ” 1111 17, 1 149, 13*
80 241, 17 V 15, 6 496, 24
81 404, 8 Δ vll 39, 10 11 66, 17
14039. 342, 13 · vm 3. 111 11 oo, 13
142sqq. 108, 5 11, 1 490, 4
164 160, 12 12, 7 ll 66, 13
1117εᾳᾳΑΟ4. 11 29. 6 11 72. 26
201 sq. 11 356, 18 ¹ vnn 33, 2 11 66. 10
303 106, 4 xxi 40, 9 470, 17
V 13, 40 108, 14 62, 5 503, 15 (ιι. add.)
48 sq. 346, 12 XXII 4. 6 533, 8
177 sq. 157,17. 316,22. 24, 11 472, 22 (u. add.)
342, ll 36, 7 503, 15
229 342, 3. 353. 20 xxm 49, 5 205, 5 .
14, 29311. 304, 15 XXV 3. 19 11 293, 5
30 298, 15. 590, 3. 11, 3 533, 9
11 10, 18. 361, 6 XXVI 13, 16 512, 2
57 11 222. 16 14, 9 510, 12
62 485, 24 15, 13 253. 5
83 sqq. 243. 16 XXX! 5, l 11 413, 20
119 11 316, 16 ΧΧΧΙΙΙΙ 50 11 409, 7
121311. 304, 12 52 , 11 409, 17
129 sq. 338..18 XXXV 23 11 414, 12
200311. 11 371, 14 xxxvl] 3. 4 208, 22
248 430, 18 54, 19 11 191, 20
271 167, 18 xxxvm 29, 5 sq. 281, 13
27Ssqq. 291, 11 38 11 409, 25
292 sq. 205, 13 xxxvlm 5, 3 388, l
15, 17 336, 4 35, 7 299, 20
23 11 218, 14 . · 36, 2 299, 21
102 sq. 243, 21). 34319 xl, 5, 5 299, 111. 17
140 345, 12 9 299, 18
16, 2 399, 1. 435, 17 22, 12 sq. 299, 19
XLI 18, 16 11 126. 17. 182, 1
Laberius 384, 10. 386, 14. in cancro 200, 9. 21, 13 134, 12
111 lacu Auerno 258, 7 . Lucanus 11 497, 22
Laelius 198, 4*. 382. 1* Phar-sal. 1 3 , 348, 2 ,
Laeuius in Adone 269, 6. 111 lone 281, 3. 8 11 153, 12
111 Protesilaodamia 242, 13. in Protesi· 30311. 11 255, 5
1110 484, 9. 111 Laudamia 496, 27 (matht). 50 345. 14

in Sirenocirca 302, 1. 111 111 erotopaeg- oosqq. 11 343, 26

