INDEX Scnw'rolzvn

Rabirius rerum Romanarum 1 304 20* '
Remmius Palaemon 35, 27

Reuatus n. vegetius

erlor ad Herennium

ΙΙ 4, 7 96, 17

13, 20 523, 24

111 2, 3 355, 17
10, 18 95, 19

14, 24 101, 6

19, 32 307. 19

1111 3, 5 495, 19
4, 7 357, 6

6, 9 108, 9

17, 25 95, 15
31, 42 495, 21. 496, 1
48, 61 197, 1601. add.)

Sallustius 92, 14. 1139, 7.· 46, 27. 305, 16.
’111 historiis 367, 6. 11 46, l. in 1 histo-
riarum 158, 1 (u. add). iu historiis ii-
bro 1 366, 10. in 1 historiarum 367. 7.
392, 22. 436, 5. 512, 10. 529, 5. 534,
21. 535, 16 (u. atich). 536, 10. 539, 20.
11 30, 20. 37, 13. 64, 18. 19. 66, 19.
20. 21. 67, 1. 2. 73, 11. 78, 23. 188,
15. in oratione L. Philippi 243, 10. iu
11 historiarum 143, 12. 17. 154, 2 (ιι.
add.). 201, 18. 202, 9. 234, 11. 243, 3.
246, 3. 255, 1. 261, 8. 489, 9. 505, 5.
511, 11. 534, 23. ΙΙ 76, 27. in 111 hi-
storiarum 236, 1. 15. 246, 5. 249, 13.
382, 4. 431, 21. 506, 9. 514, 16 (ιι.
add). 535, 6. 546, 12. 11 74, 27. iu
1111 historiarum 235, 3. 435, 13. 473, 8.
484, 5. 487, 4. 512, 12. 535, 8.
10. historiarum V 11 225, 15. 20.

11 52.
226, l

iu Catilinario l, 1 358, 15. 11 370, 18
1, 6 11 107, 9*. 226, 3.
288, 17
2, 8 11 433, 30
11 44, 21
,2, 9 ΙΙ 102, 20. 157, 28.
236, 7. 287, 2
5, 4 11 85, 4. 217, 14
5, 9 11 328, 6
6 11 414, 13
11,1 11 292, 8
11, ‹5' ll 69, 6
11, 7 11 341, 26
11, 8 11 99, 28. 503, 9
12, 3 11 370, 3
12, 4 310, l
13, 2 11 320, 16
17, 2 11 305, 19
18, 8 11 49, 6
20, 10 11 49, 24. 364, 6
21,11 304, 16
ι 25,11 286, 5
31, 340, 20. 354, 21
35,

36, ιι 188. 11. 3:13,12.
351. 21
36, ιι 310, 22

4⁰} 2 ιι 231, 2. 307, 9
GRAMMATICI LATINI 111.

4
2
7
3 11 321. 19
2
4

Sallustius in Catilius-‘trio

545

40, 5 ιι 66, 14
43, 2 196, 9

49, 1 539, 19
51, 15 575, 18*. 1192, 12⁸⁵.
103, 13
51, 25 193, 4*. 11273, 15
’29 ss 307, 5. 358, ’23
52, 5 ΙΙ 455, 31
· 53, l 258, 6
56, 4 ll 514, 22
5 ΙΙ 184, 11
57, 4. ΙΙ 343, 20
iu Iugurthino 5, 3 11 46, 18
10, 8 11 455,· 32
11, 2 101, 18
3 11 312, 21
12, 3 201, 17
14, 3 11 26, 28
17, 2 11 67, 23
18, (1 11 292, 9
22, 1 11 353, ll
,1, 10 11 334, 4
39, l 11 73, 10 ”
45, 2 11 94, 8
48, 3 11 377, 5
49, l ll 321, 5
53, 811 256, 6
63, 3 527. 23
81, 2 11 66, 15
84, 3 11 285, l
85, 10 ll 221, 19. 360, 1.
365, 21
87, 4 11 318, 19
88, 4 11 310, 19
89, 7 147. 5
95, 2 11328, 6

100, 2 95, 5. 98, 13
101, 6 530,13
108, 3 393, 14
110, 2 107, 5*. 323, 19
Scaurus ιφτιτιυιιαιίἰειιις 547,11
Sappho 28, 15. 277, 21
Scriptores artium n. artium scriptores
qui de litera scripserunt 303, 7
8011110113 metricus 11 428,1
Seneca controuersiarum X 31, 21 11 410, 6

L. Seneca 333,14

Seneca Ay mn. 365 253, 9. Hippolyt. 710

253, 7

Seruius 106, 1. 242, 5. 111 commento qnod
scribit iu Donatum 8,15. iu commento

Virgilii 233,14. ad Ver-9. Aen. 1 59
532, 22. iu commentario Aeneidos 1 17 4
515, 22. iu commentario tertii libri Vir-

gissani Aen. 111 326 256, 14.

adAen. Vn

568 259, 22. cul Geo. 1111 418 259, 22
8011101115 η.001·11011115 et Cassius
Simonides 11 428, 4. 17. in ἐπ’ Ἀρτεμι-
σίῳ ναυμαχ χίᾳ 428, 6. 9
Sisenna 385, 3. 546, 9. in xu histoiia-

r 11111 264, 4

Solinus iu collectaneis 1101 pol historv 1,

2122,.,.95391611288,10

35

