60«)

7. 210, 13. 212, 1. 213,
14. 215„ 9. 305, 8. 326,
15. substantiae 448, 22

e uestigio 11 373, 8
uestio uesiior‘ 442, 13
uestis 17, 9

INDEX Rssnvm ET vocAvamiu

tustissimae scripturae 303,
5. u. antiqui ’

uetustas 128, 10

uerbum suppositiuum 449, 16 uetes 97⁷ 7· 264, 14· Π 481, uetustus 139, 15. 140, 5

sui passiuum 11 270, 14
suspectiuum 11 274, 17
transitiuum 552, 26. 553, 15.
ΙΙ 159, 16. 183, 7. 212,
27. 234,110, 267, 13. 270,
uituperatiuum 11 272, 19
uocatiuum 414, 19. 580, ll.
Α 582, 11. 585, 21. 588, 25.
152, 8. 154, 17. 203, 5.
204, 6. 210, 13. 276, 1.
uocandi 448, 22
uoluntarium 11 130, 24
uoluntatiuum ll 224, 25
ὗπαρκτικόν 414, 14. 550, 9
ὑποθετικῶν 449, 16

uerbalia u. nomen

uerbis praeire 11 311, 10

uerecunditer 11 71, 4

uereor Ἰ379, 7. 382, 9

uergo 394, 16. 560, 11

uero 11 69, 20. 72, 25. 93,
19. 102, 12. 287, 2. 357, 1

uerres 159, 14. 243, 6

uerro 532, 22

uersisscor 435, 23

uerso 402, 22

uersum 11 75, 21

nex-sura II 477, 31-

uersus nomen 118, 20. 256,

⁰ 8. 258, 7. 11 514, 27

uersus acatalecti 11 460, 2.
brachycatalecti 11 460, 9.
catalectici 11 460, 1. hy-
percatalecti 11 460, 5. uer-
sus heroicus 11 459, 23.
460, 23 ·

uersus praepositio 1184, 15.
138, 25. 514, 19

uersutus 11 477, 30

uertex 118, 23. 140, 12. 11
477, 30. 514, 29

uerticulum 11 477, 31

twrtigo 11 477. 31. 514, 29

nerto 402, 16. 11 317, 4.
514, 14

Vertumnus 11 477, 30

uerna 188, 3

ueruex 165, 5. 11 525, 32

uerum 11 47, 7. 308, 18

ueseor 560, 13

uesica 11 522. 24

uesper 169, 18

uespera 1¹7, 9

uesperasco 428, 22. 433, 22

uesperi ll 64, 21. 72, 5. 85,
12. 528, 26

uestibulum 124, 10

uetlolrnus ueteranus 81, 10

uet208 468, 27. 473, 18. 11 526,

‘nemius 107, 17

uetus 264, 7. 265. 21. 339,
17. 350, 5. 353, 17. 11
445, 29

11 12, 13. 13, 7. 130, 16, ueterum Romanbrum mos dt<

ce'ndi 2, 10. 24, 15. 36,
18. 82, 10. 141, 16. 144,
12. 168, 15. 175, 6. 197,
5. 204, 6. 205, 23. 233, 12.
237, 8. 243. 10. 246, 17.
250, 12. 254, 6. 257, 11.

259, 5. 262, 1. 266, 16.

268, 16. 284, 13. 296, 9.
298, 4. 324, 24. 325, 6.
337, 11. 341, 2. 348, 17.
355, 13. 365. 2. 366, 9.
367, 4. 379, 4. 438, 23.
465, 25. 478, 11. 496. 27.
512, 15. 526. 15. 534, 1.
543, 20. 561, 10. 568, 6.
8. 593, 14.4 11 7, 23. 61,
21. 222, 17. 432, 9. 443,
28. 448, 1. uetustior usus
197, 10. uetustissimorum
usus 26, 25. 27, 10. 30,
13. 32, 1. 85, 4. 87, 15.
90, 1. 91, 25. 147, 6. 151,
15. 160, 17. 169, 6. 19.
182, 1. 189, 7. 9. 206, 22.
208, 18. 215, 7. 226. 16
229, 6. 230, 17. 231, 14.
233, 7. 235, 11.. 21. 242, 9.
250. 9. 264, 2. 270, 8. 271,
1. 279, 15. 281, 2. 298. 5.
10. 299. 9. 303, 21. 310.
17. 320, 15. 321, 24. 331,
16. 337. 19. 347, 2. 349,
9. 354, 14. 357, 8. 362, 24.
364, 10. 367, 22. 390, 26.
392, 6. 398, 20. 401, 3.
402, 10. 419, 11. 425,18.
428, 13. 429, 8. 437, 20.
455, 11. 474, 19. 475. 1.
482. 3. 9. 483. 24. 488,
5. 494, 3. 499, 7. 500, 19.
504, 23. 507, 7. 508, 27.
511, 4. 512, 25. 513. 17.
516, 14. 518, 13. 522, 8.
528. 26. 529, 25. 532, 16.
538, 28. 540, 6. 541, 15.
560, 12. 562, 8. 566, 19.
572, 15. 573, 24. 587. 5.
592, 16. ll 5, 24. 6, 25.
7,11. 8, 21. 11,17. 77, 7.
419, 5. 444. 14. 450, 3. ue-

uexillum 29, 13. 110, 3

erns 168, 14. 319, 17

uibix 167, 5

uice 189, 10. 564, 2. uicem
189, 10. 564. 2. 11 376,
13. uicis 11 145, 8

uicinus II 219, 27

uicissatim 11 59, 1*. 8* (u.
add.)

uicissim ll 75, 4

uictrix 166, 5. 348. 1

uic-tus 258, 15. 363. 24

uideo 7, 19. 22, 4. 373, 19.
459, 28. 461, 7. 481, 9.
11276, 25. 329, 9. 465, 17.
uiden 32, 7. uideor 389,

uiduus 11 222, 10 .

uigil 118, 6. 342, 2. 352,

24. 11 523, 11. uigilis 353,

uigilo 11 273, 1

nilico uilicor 396, 23. 433, 2

nillum 109, 21. 11 268, 3

uimen 11 465, 21

uinaria cella 75, 12

uinco 11 274. 15

uindico 11 365, 5

uindicta 11 365, 6

,1111111111111 137, 7

uinum 11 268, 3. uiua 176,
8. 310, 15

uir 7, 15. 306, 16. 11 444,
20. 447, 31. 465, 6

uirago 11 465, 31

Virbius 11 465, 30

1111· deuotus 11 465, 31

Virgilius 135, 14. 301, 20.
302, 7. 325, 11

uirginalis 131, 3

uirgo 11 465, 22

uirguncula 108. 14

'uirillustris 440, 5. 11465, 31 ⁷

713 435... ..

uinnagnisseus n 465, 31

uirspectabilis 11 465, 31

uirtus 7, 19. 11 465, 34

uirus 163, 10. 275, 2. 11 445,
28. 465, 22. 493, 13

uis 7, 19. 17, 9. 32, 7. 249,
9. 324, 9. 329, 4. 355, 12.
11 465, 21

uischs 274, 14

uiso 431, 11. 535, 11. 11
514, 11

uisum 563, 5. 11 464, 26

uita 11 465, 20

uitabundus 137, 21

uitium 7, 19. 11 465, 19

