INDEX RERVM ΕΤ VOCABVLORVM

584, 13. 585, 15. 11 1, 3.
3, 18. 12, 26. 16, 12. 18,
15. 173, 21. 198, 11. 204,
20. 449, 8. personae pri-
mhe 577, 8. 578, 19. 580,
9. 582, 10. 584, 11. 585,
14. 587, 17. 11 202, 26.
secundae 577, 9. 578, 19.
580, 9. 582, 10. 584, 12.
585, 14. 587, 17. lI 12,
17. 202, 26. tertiae 370,
11.· 11 141, 20. 142, 25.
150, 18. 151, 7. 180, 11.
graecum personarum trium
581, 16. 586, 19
pronomen penta toton 11 2, 9
possessiuum 1, 13. 582,
4. 23. 588, 9. 16. 591,
22. 595, 17. 597, 13. 11
2, 4. 3, 21. 161, 24. 167,
14. 169, 12. 170, 30. 204,
25. 218, 15. 493, 34
s praepositiuum 579, 19. 11
’ 14, 18. 112, 6
principale 11 144, 21
primitiuum 575, 1*. 577, 6.
582, 8. 11 3, 21. 148, 15.
166, ’4. 167, 24. 449, 8
recliproffimoll 14, 18. 17,
refracticia 11 176, 17*
refracti‘ua 11 176, 17 ,
relatiuunn 578, 12. 18. 11 21,
15. 125, 1. 128, 8. 16.
142, 11. 28 “
retransitiuum 11 17, 16
simplex 589, 10. 11176, 18
subiunctiuum 579, 20. 580,
14. 11 14, 8. 112, 6
σύζυγον 11 18, 13. 198, 11
transitiuum 582, 8. 583, 7
tetraptoton ll 2, 8
triptoton Il 2, 7
pronunciatio 6, 25. 7, 7. 9, 2.
13, 18. 19, 11. 45, 13. Il
’ 465, 14
προορῶμαι 11 351 13
prope ιι 44, ι8. 4ἆ, 23. 291,
11. proprior 85, 12
propere 11 89, 13
properiter 11 71, 5
propero 11 274, 24
propinquo 395, 9. ll 303, 20.
306, 17. 323, 14
propinquus 11 219, 27 Α
προπορεύομαι ΙΙ 40, 17
proportio ll 503, 25
propter 11 28, 18. 31, 22. 43,
1. 50, 21. 345, 4
propudiose 11 59, 8*
propugno 11 273, l. 289, 1
prorsum ΙΙ 75, 15
1)τὲῗυῖ 1159, 7*. 75, 15.
2

πρός 1138, 7. 354, 17. 358,
πρῖςιέῗᾶρὶῗὲω 403, 10
προςβάλλω 11 357, 14
προς-βλέπω ΙΙ 356, 8
προςέχω Il 357, 3
προςηγορία ἄντανοὶκλαστος
πρῗέῗῆἶκέῗῃ 352, 13. προς·
ήκων 11 286, 10. 352, 12
προςέλευσις 11 463, 27
προςέρχομαι 11 353, 12. 463,
27. 464, 14. προςελευ-
22022‘48‘2'52251024264'1114316, 18.
..offleii-0 11 355, 14
προςκαθὲζομαι ll 356, 17
προςκέπτομαι 11, 355, 9
nomentan 356, 5

προςωποποιία 376, 9. 450, -

11. 587, 24. 11 437, 32
προςωθῶ 403, 11
prosper prosperus 225, 10
prosperitas 228, 17
προςφέρω ll 354, 15
προςφωνῶ 11 354, 9
prospicio 11 273, 27. 297, 22.

309, 9. 351, 17. 358, 11.
noos-ulum 11 357, 21
προςτάσσω 11 302, 22
prostibulum 124, 12
prosum 439, 18. prodest 17,
προτεραίαῐῐ 363, 15. 373, 20
πρότερα 11363, 15. 373, 20
πρὸτὸρον ll 26, 14. 40, 19.
proleruiter 11 71, 3
proteruus 11 49, 13
protesto protestor 397, 1
protinam Il 58, 4*. 6*. 59, 7*
πρῶτον 11 356, 21
πρότονος 169, 16
πρώτη 174, 4
πρωτοτοκος ll 468, 19
προτρέπω 380, 2
Ρτεέυἰέίεο 11 283, 27. 297, 22.
prout ,ΙΙ 321, 25
proximus 97, 15
prudentia ll 375, 24
prunum prunus 142, 12
πρύτανις πρυτανεύω 432, 23
ψ littera 33, 7. 507, 23
ps3 ίέιιίιὲι nomina 280, 10.
psallo 526, 20. 527, 21
ψέγω 451, 13 -
ψεύδω 386, 5
psile 11 520, 15
-ptlcv &11⁹1ss- 393, 18. 595,

591

Ptolemaeus 70, 25
πτολεμῶ 70, 25
πτύρομαι 403, 12
puber pubis 249, 21

, pubertas 128, 14

publicus puplicus 20, 19 (τι.
aad.

Pul›lip‹)›r 236, 11

pudeo 432, 12. 561, 10. 11
486, 7. pudet 560, 27.
ll 148, 14. 158, 31. 230,
7. 231, 7. 232, 24. 311,
14. 329, 13. puditus 421, 1

puella 110, 18. 231, 2. 562, 5

puellus 231, 14

puellula 113, 18

puer 231, 13 (u. add.). 562, 9

p'uera 110, 17. 231, l. 562, 9

puerpera 231, 1. 370, 5

Ρυὲὃιιε 231, 13 (u. αἰῶ).

pugil 118, 6

pugnus pugillus 109, 15. 18

pullinurux 11 526, 4

puls 320, 12. 325, 20

puluer 249, 17

puluinar ll 523, 22 ⁴

puluis 175, 3. 176, 1. 249,
17. ll 524, 28

pungo 460, 5. 524, 3. 11
513, 20

puniceus 21, 1. 40, 7

Punicos 40, 7

Puniens sermo 148, 1. 201, 16 Ι

puuio 40, 7

Punius l'uuior 84, 6

puppis 329, 4. 336, 7

purgamen 126, 2

puriter 11 71, 14

purpura 27, 24

purpuratus 441, 24

purpureum 21, 1

pus 163, 11. 275, 9. 11445,
28. 493, 13

puta 11 65, 22

Πύδης 245, 3

Πῦλος 271, 16. u 476, 31

πυνθάνομαι 11 358, 18

πυτίζςο pytisso 24, 9

Pyrrhus 175, 8

Hv‘ill'oeyoostoc ,Pythagoreus

Πυθοῖ 11 350, 12

πύξος 20, 19

q littera 8, 21. 12, 5. 13. 9.
ἐξ. 36, 5. 13. 47, 6.11111,

qua Il 123, 19. 132, 24. 134,
13. 136, 20. 347, 7

quaqua ΙΙ 135, 21

quaque ll 138, 16

quadrans ΙΙ 408, 26

quadriduo 11 59, 5* (u. add.)

