536

Horatius
carm. 1 11, 6
12, 37 sq.
15, 5 sq.
- 18 sq.
16, 18399.
17, l sq.
24, 9 sq.
33, 2 sq.
' 3 89.
37, 22 sq.
11 2, 17 sqq.
19 sqq.
5, 8 sq.
6, 5
7, 17
13, 5 sq.
39 39.
15, 14 sq.
17. 27sqq.
18, 2
19, 5
7
ΙΙΙ 4. 69
-1, 69 sq.
6, 10
6. 41 sqq.
8, 9 sqq.
9, 9 sq.
14, 13 sq.
16, 13 sq.
17, 4
12 89.
25, 1 sq.
ἱ 27, 69 sq.

1111 2, 10 sqq
3, 8
4, 11 sq.
13, 16
20
14, 13 sq.
34sqq.
carm. saecul. 49
epod. 2, l. 3
49 sqq.
5, 1 39.
11 119.
33 sq.
57 399.
11, 2
13, 2

’7 39.
15, 4 sq.
serm. Ι 1, 78 sq.
119
. 2, 31 sq.
44
71
81
89
> 120
3, 13 sq.

² INDEX SCRIPTORVM

Horatius

11 247,.1-1 serm. l

ιι 210, 10
344. 4

ιι 227. 0
ιι 137, 25
ιι 200, 3
302, 10

ιι 133, 3
ιι 203, 21
ιι 203, 5
ιι 203. 25
ιι 227, 25 ·
ιι 50, 12
74, 5
321, ιο
ιι 250, 13
213, 3
213. 0. 337, 7
ιι 207, 1
ιι 400, 10
ιι 73, 17
ιι 73, 15

11

ιι 132, 12
203, 7 .

513, 5

357, 10

ιι 133, 10

ιι 300, 15

ιι 130, 13 .
221, 7. 517, 17
250, 10

315, 20

250, 10

374, 10 (u. adm).
ιι 200, 14

. 11 427, 16

513, 3

321, 12

153, 17

ιι 110, 17
ιι 307, 2
73, 5

357, 14
350, 10
473, 12. 570, 23
ιι 100, 11
240, 23
321, 15

ιι 123, 10*
ιι 450, 21
10, 3. 304, 0. ιι
112, 22 ·
47, 15

ιι 311, 11
ιι 213, 10
144, 3

ιι 203. 10
405, 0

470, 10
233, 0

100. 14

ιι 330. 14
241, 20

epist. 1

4, 43 sq. 473, 12 ¹⁸. 571, 3
107 sq. 11 104, 28
5, 35 52, 15
40 sqq. 11 128, 194ι
6, 38 11 211, 15
49 sq. 11 78, 26. 87, 6
56 11 63, 14. 75, 9
8, 1 11 81, 24
5 127, 16
37 sq. 495, 8
39 155, 3
46 515, 4
9, 47 sqq. 478, 8. 508, 17
69399. 515, 2
10, 2lsqq. 11 101, 24
1, 16 sq. 285. 24
43 sq. 11 86. 12
44 sqq.. 508, 22 (u. add.).
11 110, 12
2, 23 sq. 485. 26
119 ΙΙ 218, 13*
121 sq. 340, 12
3, 50 sq. 11 75. 16
97 11 101, 21
117 sq. 11 311. 3. 416,9
163 221, 15
“ 187 290, 3
310 sq. 207, 19
4, 1 11 83, 16
’ 90 354, 4
5, 26 46. 21
59 288, 9
6. 31 340. 23
7, 14 11 135, 17
36 11 322, 9
109 sq. 347, 20
8, 1 11 131, 25
2 sq. 11 71, 22
9 212, 12
10 sq. 333, 1
11 350, 20
15 72, 3
29 sq. 11 107, 1*
78 521. 11
86 sq. 265, 19
89 sq. 11 136. 13
l, 50 11 359, 2
2, 27 sq. 295, 16
72 sq. 273, 1
6, 62 sq. 134, 8
7, 87 470, 14
91 305, 1 ,
8, 36 120, 13
11, 2 sq. 358, 7
13, 6 sqq. 11 229, 7
10 sqq. 11 229, 11
14, 41 11 271( 23
15, 22 315. 23
16, 72 163, 17. 261, 2
73 sq. 301. 8
17, 30 eq. 346, 5
18, 96 11 229, 15
19, 5 488, 22

