Vergilius Aeneidos

1 104 ·
108
100
200 sq.
203
207
212
220 89.
221 sq.
228
231 sq.

‘247
251
253
257 sq.
261
,281..ς(Ι(Ι
305 sq q.
312
315 39.
317
3 20

3 2131]
3 23
327 sq
:³28
329
330
34389.
347
350
369
372 sq.
373
377
378
‘379
393
4 36
⁴155
4³ 15 ,8.(Ι
458

1 50
4153
1110 sqq,
-171189,
-180
501

ἴ-ιθ 1
,1 20
52 )
541
553
573

5 75 sq.
593
505
505 sq.
003 sq.
61 Ι
0181

1NDEX scnw'rORvM

400, 5
ιι 888, 3
471, 23

514, 10

ιι 70, 11. 82,
307, 20
ιι 181, 0.
247, 2
500, 7
02, 11. 11102, 17
424, 21. ιι 158, 21. 257,
22. 805, 0. 385, 10
200, 10. 500, 11

ιι 01, 24

ιι 143, 2

303, 0. ιι 180, 8 ⁷

11 83, 0. 07, 1

ιι 158, 17

ιι 250, 10

218, 11. 200, 1-1. 810, 5

0. 87, 2
201, 20

ιι 438, 23
402, 18

302, 17. 11220,
23. 351, 3

ιι 107, 10

ιι 102, 18

11 248, 3

200, 20

ιι 101, 12

ιι 875, 18

11 218, 3. 221, 11

80, 8. 11 155, 27. 325,11
11 51, 10

11 204, 10

ιι 158, 11

ιι 220, 23

188, 7

ιι 151, 12

ιι 378, 18

ιι 350, 10

444, 1. 470, 11

854, 23. 801, 0

11200, 15

11 800, 2
288, 2

270, 0

ιι 04, 7

11 508, 10

510, 25. ιι 501, 32
11 371, 10

ιι 301, 3. 313, 18
11 52, 8

ιι 80, 8. 107, 7
470, 11

471, 25

ιι 187, 10

407, 17. ιι 80, 1
11 810, 25

ιι 52, 5

11 107, 21

ιι 07, 10

200, 7

ιι 100, 24

21. 808,

Vergilius Aeneidos

1

617

617 eq.

· 639

11

·31

553

11153,-1. 200,20.211,ι7
ιι 180, 0. 203, 8

010 11 105, 10
501, 23. 11 269, 16

053 sq. 11 375, 20

662 11 54, 5

005 73, 17

000 ΙΙ 30, 16

000 ll 281, 5

07089. 11 361, 18

673 sq. 11 -11, 12

682 11 00, 2

083 sq. 11 327, 12. 330, 22. 318,
6. 363, 0 .

007 sq. 11 335, 10

701 11 407, 3

704 103, 12

734 471, 21

750 11 45, 26. 55, 1-1. 105,
21. 371, 10

l 11 113, 14. 400, Η

2 11 85, 1—1. 139, 17

5 570, 11. 11207, 2. 200,
8. 500, 30

589. 11 191, 25

089. 247, 7. 413, 7

889. 300, 17

12 ⁸ 11 99, 10

10 sq. 300, 17
11 208, 3

32 11 319, 10

36 89. 11 115, 7. 100, 10

38 11 315, 10

-113 11 07, 25

»18 11 07, 23

51 103, 2. 200, 2

01 11 216, 0

04 11 351, 0

81 413, 10 Δ

85 485, 8. 402, ll. 559,
20. 11 222, 0

03 11 281, 3

103 1182, 15. 307, 16. 179, 28

105 430. 9

1-18 11 314, 25 ³

187 sq. 11 96, 2

215 391, 22. ΙΙ 282, 5. 300,

· 0. 377, 14

224 329, 10

235 sq. 390, 14

24189. 202, 20

202 sq. 11 113, 15

274 sq, 304, 2. 117⁴, 6. 90, 15

280 11 74, 9. 280, 10

200 sqq. 1199, 17

319 273, 5

322 273, 8

324sq. 158, 19. 365, 21

325 sqq. 11 230, 15

331 11 128, 19*

3⁴2 sq. 11 350, 4 *

353 11 114, ὃ

354 11 433, 7

